customer,#total,#benign,#fraud,%fraud
'C910454738',92,5,87,94.56521739130434
'C2004941826',126,7,119,94.44444444444444
'C381007057',100,11,89,89.0
'C1572610482',101,12,89,88.11881188118812
'C617723960',46,6,40,86.95652173913044
'C2113737065',91,12,79,86.81318681318682
'C2060410910',13,2,11,84.61538461538461
'C483912131',98,18,80,81.63265306122449
'C1809646275',5,1,4,80.0
'C1817318774',112,25,87,77.67857142857143
'C1350963410',191,47,144,75.39267015706807
'C1849046345',171,44,127,74.26900584795322
'C1175850429',113,31,82,72.56637168141593
'C371517012',25,7,18,72.0
'C1233811793',7,2,5,71.42857142857143
'C1454826238',20,6,14,70.0
'C126638730',22,7,15,68.18181818181817
'C611182051',67,22,45,67.16417910447761
'C1803182614',15,5,10,66.66666666666666
'C231476583',25,9,16,64.0
'C1464489812',115,42,73,63.47826086956522
'C932908444',68,25,43,63.23529411764706
'C1237248073',27,10,17,62.96296296296296
'C650117238',8,3,5,62.5
'C245117318',108,41,67,62.03703703703704
'C1685492470',89,35,54,60.67415730337079
'C1562081159',10,4,6,60.0
'C1338125837',38,17,21,55.26315789473685
'C204205576',20,9,11,55.00000000000001
'C616715154',84,38,46,54.761904761904766
'C751887992',24,11,13,54.166666666666664
'C1560904250',13,6,7,53.84615384615385
'C1994178184',106,49,57,53.77358490566038
'C806399525',237,112,125,52.742616033755276
'C1163388474',38,18,20,52.63157894736842
'C894204131',21,10,11,52.38095238095239
'C1653588482',56,27,29,51.78571428571429
'C2126657609',24,12,12,50.0
'C330615170',29,15,14,48.275862068965516
'C928090253',44,23,21,47.72727272727273
'C2138532527',15,8,7,46.666666666666664
'C350034124',54,29,25,46.2962962962963
'C2033917877',13,7,6,46.15384615384615
'C375144053',90,49,41,45.55555555555556
'C1275518867',252,138,114,45.23809523809524
'C1501096176',20,11,9,45.0
'C629170053',18,10,8,44.44444444444444
'C1947400039',16,9,7,43.75
'C1468001998',126,72,54,42.857142857142854
'C835291219',19,11,8,42.10526315789473
'C1978250683',265,155,110,41.509433962264154
'C540538956',17,10,7,41.17647058823529
'C243130666',10,6,4,40.0
'C1211514218',74,45,29,39.189189189189186
'C644541754',23,14,9,39.130434782608695
'C440694138',69,43,26,37.68115942028986
'C1131883667',8,5,3,37.5
'C64314422',8,5,3,37.5
'C2082187659',19,12,7,36.84210526315789
'C1001065306',30,19,11,36.666666666666664
'C1647495093',167,107,60,35.92814371257485
'C1983968298',14,9,5,35.714285714285715
'C374616385',68,44,24,35.294117647058826
'C1686035763',23,15,8,34.78260869565217
'C301739259',29,19,10,34.48275862068966
'C1204835011',12,8,4,33.33333333333333
'C342292849',12,8,4,33.33333333333333
'C1136761152',9,6,3,33.33333333333333
'C1066003783',9,6,3,33.33333333333333
'C1903013338',28,19,9,32.142857142857146
'C706599076',32,22,10,31.25
'C2002713196',56,39,17,30.357142857142854
'C1886871597',47,33,14,29.78723404255319
'C496697462',17,12,5,29.411764705882355
'C60026962',24,17,7,29.166666666666668
'C1747786179',14,10,4,28.57142857142857
'C339926892',14,10,4,28.57142857142857
'C811312110',147,106,41,27.89115646258503
'C715527139',18,13,5,27.77777777777778
'C1510535804',69,50,19,27.536231884057973
'C422403315',40,29,11,27.500000000000004
'C1452504275',26,19,7,26.923076923076923
'C1859195979',15,11,4,26.666666666666668
'C2137381129',15,11,4,26.666666666666668
'C1469520420',15,11,4,26.666666666666668
'C1332295774',53,39,14,26.41509433962264
'C896659218',88,65,23,26.136363636363637
'C637279747',20,15,5,25.0
'C903333805',20,15,5,25.0
'C547610089',16,12,4,25.0
'C274486575',12,9,3,25.0
'C1337135199',12,9,3,25.0
'C60324613',29,22,7,24.137931034482758
'C1545977603',29,22,7,24.137931034482758
'C1918088317',17,13,4,23.52941176470588
'C1590275312',17,13,4,23.52941176470588
'C218446443',172,133,39,22.674418604651162
'C587299231',165,128,37,22.424242424242426
'C1548873226',27,21,6,22.22222222222222
'C1233360048',18,14,4,22.22222222222222
'C1689346810',9,7,2,22.22222222222222
'C601255458',9,7,2,22.22222222222222
'C2008400862',9,7,2,22.22222222222222
'C515668508',205,161,44,21.463414634146343
'C2105324799',14,11,3,21.428571428571427
'C153962249',14,11,3,21.428571428571427
'C1883962820',47,37,10,21.27659574468085
'C1021896897',33,26,7,21.21212121212121
'C678324895',19,15,4,21.052631578947366
'C417267123',139,110,29,20.863309352517987
'C1375956198',24,19,5,20.833333333333336
'C704456922',108,86,22,20.37037037037037
'C1994736634',113,90,23,20.353982300884958
'C179390259',74,59,15,20.27027027027027
'C989137613',20,16,4,20.0
'C1012876398',20,16,4,20.0
'C2095975270',15,12,3,20.0
'C1082301057',15,12,3,20.0
'C1743702978',5,4,1,20.0
'C1404665203',5,4,1,20.0
'C706956926',26,21,5,19.230769230769234
'C1853365964',16,13,3,18.75
'C525850964',108,88,20,18.51851851851852
'C443009341',27,22,5,18.51851851851852
'C413065793',79,65,14,17.72151898734177
'C1338572942',17,14,3,17.647058823529413
'C553434543',177,146,31,17.51412429378531
'C16723337',40,33,7,17.5
'C449179311',69,57,12,17.391304347826086
'C1728122351',110,91,19,17.272727272727273
'C1575599226',29,24,5,17.24137931034483
'C1312615175',148,123,25,16.89189189189189
'C1777502922',120,100,20,16.666666666666664
'C82010125',54,45,9,16.666666666666664
'C1490935984',48,40,8,16.666666666666664
'C1035154937',30,25,5,16.666666666666664
'C1571595392',12,10,2,16.666666666666664
'C1156745710',6,5,1,16.666666666666664
'C1345586046',6,5,1,16.666666666666664
'C473451132',61,51,10,16.39344262295082
'C826734487',31,26,5,16.129032258064516
'C806943770',44,37,7,15.909090909090908
'C484067548',38,32,6,15.789473684210526
'C647931416',19,16,3,15.789473684210526
'C1714895875',83,70,13,15.66265060240964
'C422003518',32,27,5,15.625
'C52277164',26,22,4,15.384615384615385
'C611520731',13,11,2,15.384615384615385
'C844772824',27,23,4,14.814814814814813
'C1079254393',165,141,24,14.545454545454545
'C656901929',49,42,7,14.285714285714285
'C1815102713',42,36,6,14.285714285714285
'C390271010',35,30,5,14.285714285714285
'C1402369177',28,24,4,14.285714285714285
'C1289834917',28,24,4,14.285714285714285
'C2014915363',14,12,2,14.285714285714285
'C1713690936',14,12,2,14.285714285714285
'C1208164294',14,12,2,14.285714285714285
'C1432191075',7,6,1,14.285714285714285
'C849065220',7,6,1,14.285714285714285
'C142595093',71,61,10,14.084507042253522
'C750714109',29,25,4,13.793103448275861
'C1929167055',80,69,11,13.750000000000002
'C665247956',51,44,7,13.725490196078432
'C1515184734',22,19,3,13.636363636363635
'C909582983',22,19,3,13.636363636363635
'C722922832',30,26,4,13.333333333333334
'C197543842',23,20,3,13.043478260869565
'C183456137',47,41,6,12.76595744680851
'C275926123',47,41,6,12.76595744680851
'C1475317372',110,96,14,12.727272727272727
'C1237476993',87,76,11,12.643678160919542
'C961154945',136,119,17,12.5
'C394488921',48,42,6,12.5
'C1472480119',24,21,3,12.5
'C502238060',16,14,2,12.5
'C868607067',16,14,2,12.5
'C1564636486',8,7,1,12.5
'C792820521',8,7,1,12.5
'C730733765',8,7,1,12.5
'C28065321',8,7,1,12.5
'C1225568299',8,7,1,12.5
'C1509603467',41,36,5,12.195121951219512
'C1455309687',66,58,8,12.121212121212121
'C1450140987',149,131,18,12.080536912751679
'C1565570610',67,59,8,11.940298507462686
'C1850482225',17,15,2,11.76470588235294
'C1051985937',17,15,2,11.76470588235294
'C723652619',17,15,2,11.76470588235294
'C2084566155',86,76,10,11.627906976744185
'C2007848056',43,38,5,11.627906976744185
'C1667161948',104,92,12,11.538461538461538
'C2118328869',144,128,16,11.11111111111111
'C1490048317',63,56,7,11.11111111111111
'C5191822',18,16,2,11.11111111111111
'C1281345721',18,16,2,11.11111111111111
'C1657671280',9,8,1,11.11111111111111
'C79727066',9,8,1,11.11111111111111
'C790600178',55,49,6,10.909090909090908
'C2015444413',37,33,4,10.81081081081081
'C1271627744',65,58,7,10.76923076923077
'C2130894809',28,25,3,10.714285714285714
'C309177915',57,51,6,10.526315789473683
'C2029229218',19,17,2,10.526315789473683
'C516824110',19,17,2,10.526315789473683
'C2128227866',67,60,7,10.44776119402985
'C1038215695',79,71,8,10.126582278481013
'C1394467199',50,45,5,10.0
'C395414939',10,9,1,10.0
'C1235359960',10,9,1,10.0
'C1196611038',10,9,1,10.0
'C366397964',101,91,10,9.900990099009901
'C840054516',81,73,8,9.876543209876543
'C1586862598',72,65,7,9.722222222222223
'C822948524',93,84,9,9.67741935483871
'C571254990',52,47,5,9.615384615384617
'C251875213',52,47,5,9.615384615384617
'C211657450',73,66,7,9.58904109589041
'C150891114',21,19,2,9.523809523809524
'C1655514881',32,29,3,9.375
'C688652575',43,39,4,9.30232558139535
'C583110837',140,127,13,9.285714285714286
'C500712433',54,49,5,9.25925925925926
'C1165343027',76,69,7,9.210526315789473
'C189036899',110,100,10,9.090909090909092
'C994449484',33,30,3,9.090909090909092
'C474847450',22,20,2,9.090909090909092
'C332190038',22,20,2,9.090909090909092
'C140804810',11,10,1,9.090909090909092
'C746711867',11,10,1,9.090909090909092
'C375459759',100,91,9,9.0
'C431496464',89,81,8,8.98876404494382
'C1143401925',125,114,11,8.799999999999999
'C784046647',23,21,2,8.695652173913043
'C831905583',104,95,9,8.653846153846153
'C1838494462',81,74,7,8.641975308641975
'C1255221015',58,53,5,8.620689655172415
'C1334695551',140,128,12,8.571428571428571
'C1152092987',35,32,3,8.571428571428571
'C445134555',82,75,7,8.536585365853659
'C187473376',130,119,11,8.461538461538462
'C1928842916',156,143,13,8.333333333333332
'C2128263275',108,99,9,8.333333333333332
'C1496962993',108,99,9,8.333333333333332
'C1832119955',72,66,6,8.333333333333332
'C1722275939',48,44,4,8.333333333333332
'C691894544',24,22,2,8.333333333333332
'C1156399058',12,11,1,8.333333333333332
'C1619197936',12,11,1,8.333333333333332
'C969824969',97,89,8,8.24742268041237
'C233539413',73,67,6,8.21917808219178
'C1338396147',195,179,16,8.205128205128204
'C1148772789',49,45,4,8.16326530612245
'C1354768768',74,68,6,8.108108108108109
'C1360265061',37,34,3,8.108108108108109
'C1305161735',161,148,13,8.074534161490684
'C161733249',124,114,10,8.064516129032258
'C1686098746',62,57,5,8.064516129032258
'C1983734850',100,92,8,8.0
'C74966273',100,92,8,8.0
'C144835944',100,92,8,8.0
'C1655037147',75,69,6,8.0
'C1259389151',50,46,4,8.0
'C1020019215',25,23,2,8.0
'C1273692645',113,104,9,7.964601769911504
'C1173530601',88,81,7,7.954545454545454
'C1348847019',139,128,11,7.913669064748201
'C1628244008',38,35,3,7.894736842105263
'C195373250',165,152,13,7.878787878787878
'C1716617782',89,82,7,7.865168539325842
'C279936687',90,83,7,7.777777777777778
'C1214929092',103,95,8,7.766990291262135
'C1101633489',65,60,5,7.6923076923076925
'C895561340',13,12,1,7.6923076923076925
'C1526367312',13,12,1,7.6923076923076925
'C296571542',171,158,13,7.602339181286549
'C46027917',145,134,11,7.586206896551724
'C1871220408',66,61,5,7.575757575757576
'C1489632788',53,49,4,7.547169811320755
'C428728055',40,37,3,7.5
'C1239127666',40,37,3,7.5
'C2070990530',68,63,5,7.352941176470589
'C1163635747',82,76,6,7.317073170731707
'C1383269171',178,165,13,7.303370786516854
'C430579454',110,102,8,7.2727272727272725
'C1317710133',138,128,10,7.246376811594203
'C691839786',69,64,5,7.246376811594203
'C1190687128',69,64,5,7.246376811594203
'C1213984358',98,91,7,7.142857142857142
'C1982277917',70,65,5,7.142857142857142
'C1339724832',56,52,4,7.142857142857142
'C1660594711',28,26,2,7.142857142857142
'C294759668',14,13,1,7.142857142857142
'C655625028',142,132,10,7.042253521126761
'C1142118359',114,106,8,7.017543859649122
'C1889984788',43,40,3,6.976744186046512
'C2080088206',115,107,8,6.956521739130435
'C132320296',130,121,9,6.923076923076923
'C1935661715',145,135,10,6.896551724137931
'C1732568163',87,81,6,6.896551724137931
'C465897830',87,81,6,6.896551724137931
'C1080032135',131,122,9,6.870229007633588
'C1225533078',175,163,12,6.857142857142858
'C405168301',44,41,3,6.8181818181818175
'C2025967620',118,110,8,6.779661016949152
'C44151986',148,138,10,6.756756756756757
'C1223439629',179,167,12,6.70391061452514
'C369566106',90,84,6,6.666666666666667
'C1791014902',75,70,5,6.666666666666667
'C1837321151',15,14,1,6.666666666666667
'C140648396',91,85,6,6.593406593406594
'C875900250',61,57,4,6.557377049180328
'C2076439645',61,57,4,6.557377049180328
'C972314568',92,86,6,6.521739130434782
'C1483927110',46,43,3,6.521739130434782
'C546386486',169,158,11,6.508875739644971
'C1334227305',155,145,10,6.451612903225806
'C1382187685',94,88,6,6.382978723404255
'C403994735',47,44,3,6.382978723404255
'C382789952',173,162,11,6.358381502890173
'C2096367617',79,74,5,6.329113924050633
'C2017390387',79,74,5,6.329113924050633
'C2078688167',95,89,6,6.315789473684211
'C599675908',128,120,8,6.25
'C1389188684',112,105,7,6.25
'C278484907',64,60,4,6.25
'C1609425799',48,45,3,6.25
'C1477378413',32,30,2,6.25
'C904725981',32,30,2,6.25
'C103995111',16,15,1,6.25
'C1476505660',177,166,11,6.214689265536723
'C912671040',130,122,8,6.153846153846154
'C73760959',114,107,7,6.140350877192982
'C201406562',98,92,6,6.122448979591836
'C2079384186',149,140,9,6.0402684563758395
'C578309168',50,47,3,6.0
'C699081415',50,47,3,6.0
'C809005315',67,63,4,5.970149253731343
'C1981089677',185,174,11,5.9459459459459465
'C632643861',102,96,6,5.88235294117647
'C475624028',85,80,5,5.88235294117647
'C1741037105',68,64,4,5.88235294117647
'C1990714179',68,64,4,5.88235294117647
'C1036903280',51,48,3,5.88235294117647
'C1285086629',51,48,3,5.88235294117647
'C766302474',34,32,2,5.88235294117647
'C2027325203',87,82,5,5.747126436781609
'C594793398',88,83,5,5.681818181818182
'C65424442',53,50,3,5.660377358490567
'C723509264',89,84,5,5.617977528089887
'C1342849651',144,136,8,5.555555555555555
'C1204780618',90,85,5,5.555555555555555
'C34948851',72,68,4,5.555555555555555
'C196786098',72,68,4,5.555555555555555
'C907877340',36,34,2,5.555555555555555
'C389212629',18,17,1,5.555555555555555
'C1203244235',128,121,7,5.46875
'C1497615115',92,87,5,5.434782608695652
'C345996643',37,35,2,5.405405405405405
'C931370744',149,141,8,5.369127516778524
'C587216359',149,141,8,5.369127516778524
'C2129810887',75,71,4,5.333333333333334
'C1523732855',75,71,4,5.333333333333334
'C623601481',94,89,5,5.319148936170213
'C624012210',113,107,6,5.3097345132743365
'C828968085',113,107,6,5.3097345132743365
'C234264885',132,125,7,5.303030303030303
'C1826105311',152,144,8,5.263157894736842
'C1789457872',133,126,7,5.263157894736842
'C1055224400',95,90,5,5.263157894736842
'C813347783',57,54,3,5.263157894736842
'C1288983259',57,54,3,5.263157894736842
'C2001505633',38,36,2,5.263157894736842
'C976805632',19,18,1,5.263157894736842
'C1460082550',134,127,7,5.223880597014925
'C2055156879',173,164,9,5.202312138728324
'C274747841',77,73,4,5.194805194805195
'C1349321790',135,128,7,5.185185185185185
'C1240560903',58,55,3,5.172413793103448
'C2055489140',97,92,5,5.154639175257731
'C764316727',78,74,4,5.128205128205128
'C1207935724',78,74,4,5.128205128205128
'C903741897',39,37,2,5.128205128205128
'C253956131',79,75,4,5.063291139240507
'C619464090',79,75,4,5.063291139240507
'C1813823560',79,75,4,5.063291139240507
'C1705927875',79,75,4,5.063291139240507
'C442850319',99,94,5,5.05050505050505
'C208151769',99,94,5,5.05050505050505
'C373733261',159,151,8,5.031446540880504
'C553121592',60,57,3,5.0
'C1708403061',40,38,2,5.0
'C1775239769',40,38,2,5.0
'C56852547',81,77,4,4.938271604938271
'C169775918',61,58,3,4.918032786885246
'C660024200',184,175,9,4.891304347826087
'C592765908',82,78,4,4.878048780487805
'C645521146',82,78,4,4.878048780487805
'C106931168',82,78,4,4.878048780487805
'C967956630',41,39,2,4.878048780487805
'C2051369004',144,137,7,4.861111111111112
'C2027631548',103,98,5,4.854368932038835
'C760368405',103,98,5,4.854368932038835
'C1663162700',124,118,6,4.838709677419355
'C1341583263',62,59,3,4.838709677419355
'C332628188',83,79,4,4.819277108433735
'C2005070127',125,119,6,4.8
'C995844287',146,139,7,4.794520547945205
'C615281750',167,159,8,4.790419161676647
'C1180936672',147,140,7,4.761904761904762
'C922544599',84,80,4,4.761904761904762
'C23992005',84,80,4,4.761904761904762
'C2100371435',127,121,6,4.724409448818897
'C793132240',106,101,5,4.716981132075472
'C1299745394',106,101,5,4.716981132075472
'C639699427',85,81,4,4.705882352941177
'C576358551',64,61,3,4.6875
'C895105444',64,61,3,4.6875
'C179196508',171,163,8,4.678362573099415
'C929919235',86,82,4,4.651162790697675
'C1151600429',43,41,2,4.651162790697675
'C1509106340',108,103,5,4.62962962962963
'C872043603',65,62,3,4.615384615384616
'C1787239285',65,62,3,4.615384615384616
'C1014347664',174,166,8,4.597701149425287
'C100045114',109,104,5,4.587155963302752
'C382331420',132,126,6,4.545454545454546
'C579037870',66,63,3,4.545454545454546
'C1005806982',22,21,1,4.545454545454546
'C839245179',22,21,1,4.545454545454546
'C1283110336',155,148,7,4.516129032258064
'C1499701993',133,127,6,4.511278195488721
'C2052617893',133,127,6,4.511278195488721
'C2022102158',89,85,4,4.49438202247191
'C1835412106',134,128,6,4.477611940298507
'C287182059',67,64,3,4.477611940298507
'C1038277619',112,107,5,4.464285714285714
'C1127069069',180,172,8,4.444444444444445
'C1817842389',68,65,3,4.411764705882353
'C27106217',68,65,3,4.411764705882353
'C1214828746',91,87,4,4.395604395604396
'C1595099029',91,87,4,4.395604395604396
'C1231572628',114,109,5,4.385964912280701
'C1367581052',161,154,7,4.3478260869565215
'C759236361',138,132,6,4.3478260869565215
'C1708261114',115,110,5,4.3478260869565215
'C1352750459',92,88,4,4.3478260869565215
'C1228152586',92,88,4,4.3478260869565215
'C612581943',46,44,2,4.3478260869565215
'C604378279',23,22,1,4.3478260869565215
'C1931900243',185,177,8,4.324324324324325
'C655866157',139,133,6,4.316546762589928
'C446179646',186,178,8,4.301075268817205
'C1423519115',93,89,4,4.301075268817205
'C1204610604',70,67,3,4.285714285714286
'C1326829513',70,67,3,4.285714285714286
'C447271561',187,179,8,4.27807486631016
'C916694479',117,112,5,4.273504273504273
'C2064491438',164,157,7,4.2682926829268295
'C1410823375',141,135,6,4.25531914893617
'C1282333137',71,68,3,4.225352112676056
'C367052603',48,46,2,4.166666666666666
'C940143351',145,139,6,4.137931034482759
'C965801920',121,116,5,4.132231404958678
'C696720817',97,93,4,4.123711340206185
'C644663928',122,117,5,4.098360655737705
'C264736518',122,117,5,4.098360655737705
'C1560676680',147,141,6,4.081632653061225
'C727502065',49,47,2,4.081632653061225
'C1886620334',123,118,5,4.0650406504065035
'C86466018',123,118,5,4.0650406504065035
'C1580753738',74,71,3,4.054054054054054
'C454240137',74,71,3,4.054054054054054
'C495473039',99,95,4,4.040404040404041
'C688041542',124,119,5,4.032258064516129
'C297432139',124,119,5,4.032258064516129
'C1181615831',149,143,6,4.026845637583892
'C898690183',149,143,6,4.026845637583892
'C1787537369',174,167,7,4.022988505747127
'C966214713',100,96,4,4.0
'C2094120486',100,96,4,4.0
'C546697817',50,48,2,4.0
'C1022530210',176,169,7,3.977272727272727
'C228319796',151,145,6,3.9735099337748347
'C85142763',126,121,5,3.968253968253968
'C711451919',101,97,4,3.9603960396039604
'C286236136',127,122,5,3.937007874015748
'C1551572984',153,147,6,3.9215686274509802
'C1453917071',102,98,4,3.9215686274509802
'C1349086787',128,123,5,3.90625
'C156263401',128,123,5,3.90625
'C597122637',77,74,3,3.896103896103896
'C225675370',181,174,7,3.867403314917127
'C721654925',156,150,6,3.8461538461538463
'C846889180',104,100,4,3.8461538461538463
'C399061526',52,50,2,3.8461538461538463
'C761606185',52,50,2,3.8461538461538463
'C1401244511',26,25,1,3.8461538461538463
'C461219673',26,25,1,3.8461538461538463
'C1947369699',132,127,5,3.787878787878788
'C882083718',132,127,5,3.787878787878788
'C1427325535',159,153,6,3.7735849056603774
'C758849918',133,128,5,3.7593984962406015
'C528277773',160,154,6,3.75
'C1694039833',107,103,4,3.7383177570093453
'C980181294',134,129,5,3.731343283582089
'C1503009287',134,129,5,3.731343283582089
'C1556534733',135,130,5,3.7037037037037033
'C1736605496',163,157,6,3.6809815950920246
'C1744858817',136,131,5,3.6764705882352944
'C1046896257',136,131,5,3.6764705882352944
'C323852731',109,105,4,3.669724770642202
'C576436654',164,158,6,3.6585365853658534
'C985141335',82,79,3,3.6585365853658534
'C1124449361',55,53,2,3.6363636363636362
'C301422123',55,53,2,3.6363636363636362
'C1502465707',166,160,6,3.614457831325301
'C2018553540',166,160,6,3.614457831325301
'C2079453894',83,80,3,3.614457831325301
'C1375316332',111,107,4,3.6036036036036037
'C475928775',167,161,6,3.592814371257485
'C1709958311',167,161,6,3.592814371257485
'C1791524453',167,161,6,3.592814371257485
'C861856179',140,135,5,3.571428571428571
'C879260717',56,54,2,3.571428571428571
'C1539474222',28,27,1,3.571428571428571
'C967677653',113,109,4,3.5398230088495577
'C1463141739',113,109,4,3.5398230088495577
'C810002129',57,55,2,3.508771929824561
'C844005460',86,83,3,3.488372093023256
'C1977646698',173,167,6,3.4682080924855487
'C1398865038',174,168,6,3.4482758620689653
'C1440340988',87,84,3,3.4482758620689653
'C2009344338',58,56,2,3.4482758620689653
'C1480640363',58,56,2,3.4482758620689653
'C1334045764',117,113,4,3.418803418803419
'C369805136',176,170,6,3.4090909090909087
'C644590864',176,170,6,3.4090909090909087
'C1855857061',177,171,6,3.389830508474576
'C1355090926',118,114,4,3.389830508474576
'C964123988',59,57,2,3.389830508474576
'C21670075',148,143,5,3.3783783783783785
'C968150727',148,143,5,3.3783783783783785
'C1269217373',119,115,4,3.361344537815126
'C1045324088',119,115,4,3.361344537815126
'C661876608',120,116,4,3.3333333333333335
'C1423828273',120,116,4,3.3333333333333335
'C1598564853',90,87,3,3.3333333333333335
'C34111179',90,87,3,3.3333333333333335
'C1873446390',90,87,3,3.3333333333333335
'C1289997724',90,87,3,3.3333333333333335
'C885237696',60,58,2,3.3333333333333335
'C941369654',60,58,2,3.3333333333333335
'C788057671',30,29,1,3.3333333333333335
'C912222039',30,29,1,3.3333333333333335
'C729632719',30,29,1,3.3333333333333335
'C115540448',151,146,5,3.3112582781456954
'C1160421902',121,117,4,3.3057851239669422
'C1902104464',182,176,6,3.296703296703297
'C1032319289',182,176,6,3.296703296703297
'C869807132',91,88,3,3.296703296703297
'C313157633',152,147,5,3.289473684210526
'C967790734',122,118,4,3.278688524590164
'C1781953799',61,59,2,3.278688524590164
'C2059060401',61,59,2,3.278688524590164
'C1541237057',153,148,5,3.2679738562091507
'C881073190',154,149,5,3.2467532467532463
'C2049382420',154,149,5,3.2467532467532463
'C832611882',154,149,5,3.2467532467532463
'C2093963973',124,120,4,3.225806451612903
'C56859969',124,120,4,3.225806451612903
'C1726895756',124,120,4,3.225806451612903
'C268823556',62,60,2,3.225806451612903
'C54550671',62,60,2,3.225806451612903
'C1486069778',156,151,5,3.205128205128205
'C1775611696',94,91,3,3.1914893617021276
'C303533554',94,91,3,3.1914893617021276
'C1112424232',157,152,5,3.1847133757961785
'C1933962406',126,122,4,3.1746031746031744
'C1630887376',126,122,4,3.1746031746031744
'C736721523',126,122,4,3.1746031746031744
'C1711371239',126,122,4,3.1746031746031744
'C341292164',126,122,4,3.1746031746031744
'C402571153',63,61,2,3.1746031746031744
'C230958403',95,92,3,3.1578947368421053
'C1896850232',192,186,6,3.125
'C85075290',160,155,5,3.125
'C1846274338',160,155,5,3.125
'C1156808163',128,124,4,3.125
'C524035200',96,93,3,3.125
'C2027892936',161,156,5,3.1055900621118013
'C1404684380',161,156,5,3.1055900621118013
'C1914582232',129,125,4,3.10077519379845
'C649077628',129,125,4,3.10077519379845
'C1166337448',162,157,5,3.0864197530864197
'C263489307',65,63,2,3.076923076923077
'C1733778992',98,95,3,3.061224489795918
'C1294166760',131,127,4,3.0534351145038165
'C1839662768',131,127,4,3.0534351145038165
'C1750881279',164,159,5,3.048780487804878
'C1555517201',99,96,3,3.0303030303030303
'C2087229084',99,96,3,3.0303030303030303
'C1982656265',166,161,5,3.0120481927710845
'C692285338',100,97,3,3.0
'C732771224',167,162,5,2.9940119760479043
'C1124718683',67,65,2,2.9850746268656714
'C609359335',67,65,2,2.9850746268656714
'C486662508',67,65,2,2.9850746268656714
'C1715338428',168,163,5,2.976190476190476
'C430880678',168,163,5,2.976190476190476
'C1612832553',101,98,3,2.9702970297029703
'C1045850211',101,98,3,2.9702970297029703
'C1577983313',135,131,4,2.9629629629629632
'C1433092877',170,165,5,2.941176470588235
'C402758720',136,132,4,2.941176470588235
'C290487175',68,66,2,2.941176470588235
'C2095815783',68,66,2,2.941176470588235
'C1344489848',171,166,5,2.923976608187134
'C1957046981',171,166,5,2.923976608187134
'C1830336096',171,166,5,2.923976608187134
'C842799656',171,166,5,2.923976608187134
'C608547225',171,166,5,2.923976608187134
'C1441133487',171,166,5,2.923976608187134
'C1626218926',103,100,3,2.912621359223301
'C971766834',69,67,2,2.898550724637681
'C1657925669',173,168,5,2.8901734104046244
'C1819254965',173,168,5,2.8901734104046244
'C1734487337',174,169,5,2.8735632183908044
'C47809392',175,170,5,2.857142857142857
'C1991822900',175,170,5,2.857142857142857
'C914250073',140,136,4,2.857142857142857
'C274387846',105,102,3,2.857142857142857
'C1683902488',70,68,2,2.857142857142857
'C769941724',70,68,2,2.857142857142857
'C1620127338',141,137,4,2.8368794326241136
'C1631930247',177,172,5,2.824858757062147
'C1511148959',142,138,4,2.8169014084507045
'C245019752',178,173,5,2.8089887640449436
'C531360588',178,173,5,2.8089887640449436
'C616472041',178,173,5,2.8089887640449436
'C1638710158',178,173,5,2.8089887640449436
'C1663056729',107,104,3,2.803738317757009
'C194301248',107,104,3,2.803738317757009
'C521213907',107,104,3,2.803738317757009
'C1840859519',107,104,3,2.803738317757009
'C537423962',143,139,4,2.797202797202797
'C1649412954',143,139,4,2.797202797202797
'C76313164',180,175,5,2.7777777777777777
'C159675329',144,140,4,2.7777777777777777
'C276409392',108,105,3,2.7777777777777777
'C2144562698',145,141,4,2.7586206896551726
'C1420354861',145,141,4,2.7586206896551726
'C1877622224',109,106,3,2.7522935779816518
'C359668643',182,177,5,2.7472527472527473
'C1434797923',146,142,4,2.73972602739726
'C908718101',146,142,4,2.73972602739726
'C1299279378',146,142,4,2.73972602739726
'C137688853',146,142,4,2.73972602739726
'C1194290880',73,71,2,2.73972602739726
'C630302845',73,71,2,2.73972602739726
'C834963773',183,178,5,2.73224043715847
'C1084001812',110,107,3,2.727272727272727
'C784005201',184,179,5,2.717391304347826
'C732095806',185,180,5,2.7027027027027026
'C1070277785',148,144,4,2.7027027027027026
'C1297100897',148,144,4,2.7027027027027026
'C1314174420',111,108,3,2.7027027027027026
'C1125132707',111,108,3,2.7027027027027026
'C463539622',111,108,3,2.7027027027027026
'C594146637',74,72,2,2.7027027027027026
'C752612398',74,72,2,2.7027027027027026
'C2109575612',149,145,4,2.684563758389262
'C1864768620',112,109,3,2.6785714285714284
'C597641228',112,109,3,2.6785714285714284
'C1076110991',112,109,3,2.6785714285714284
'C1837200499',75,73,2,2.666666666666667
'C536412201',75,73,2,2.666666666666667
'C1764447156',151,147,4,2.6490066225165565
'C1986701933',151,147,4,2.6490066225165565
'C660475396',152,148,4,2.631578947368421
'C1576250855',114,111,3,2.631578947368421
'C1494829095',76,74,2,2.631578947368421
'C2017140130',76,74,2,2.631578947368421
'C1428252955',38,37,1,2.631578947368421
'C421432072',115,112,3,2.608695652173913
'C124539163',77,75,2,2.5974025974025974
'C1882290962',116,113,3,2.586206896551724
'C1744280753',116,113,3,2.586206896551724
'C1700550154',116,113,3,2.586206896551724
'C1480193980',155,151,4,2.5806451612903225
'C1372042334',155,151,4,2.5806451612903225
'C746862122',117,114,3,2.564102564102564
'C49864446',78,76,2,2.564102564102564
'C1734862058',39,38,1,2.564102564102564
'C1949984685',158,154,4,2.5316455696202533
'C1520919939',158,154,4,2.5316455696202533
'C1944878458',79,77,2,2.5316455696202533
'C150587559',119,116,3,2.5210084033613445
'C612230385',119,116,3,2.5210084033613445
'C1691073795',159,155,4,2.515723270440252
'C168710517',160,156,4,2.5
'C846596637',80,78,2,2.5
'C1284327050',80,78,2,2.5
'C1754160937',40,39,1,2.5
'C1906259613',161,157,4,2.484472049689441
'C2104407126',161,157,4,2.484472049689441
'C1971736578',121,118,3,2.479338842975207
'C2136422351',162,158,4,2.4691358024691357
'C2085186254',122,119,3,2.459016393442623
'C1013313546',164,160,4,2.4390243902439024
'C85388733',123,120,3,2.4390243902439024
'C2028528769',165,161,4,2.4242424242424243
'C1952580233',124,121,3,2.4193548387096775
'C2126563017',124,121,3,2.4193548387096775
'C1307336396',166,162,4,2.4096385542168677
'C1080813886',83,81,2,2.4096385542168677
'C632538178',83,81,2,2.4096385542168677
'C571876967',125,122,3,2.4
'C1136643517',168,164,4,2.380952380952381
'C1855338494',168,164,4,2.380952380952381
'C595459074',126,123,3,2.380952380952381
'C1407087523',84,82,2,2.380952380952381
'C1333401746',84,82,2,2.380952380952381
'C1376256048',84,82,2,2.380952380952381
'C1992185297',84,82,2,2.380952380952381
'C57136184',169,165,4,2.366863905325444
'C1125717761',169,165,4,2.366863905325444
'C1358079072',127,124,3,2.3622047244094486
'C186516178',127,124,3,2.3622047244094486
'C181787207',170,166,4,2.3529411764705883
'C915430510',170,166,4,2.3529411764705883
'C859628493',170,166,4,2.3529411764705883
'C1171622243',170,166,4,2.3529411764705883
'C499760818',85,83,2,2.3529411764705883
'C1545573016',85,83,2,2.3529411764705883
'C1051712338',171,167,4,2.3391812865497075
'C577335130',171,167,4,2.3391812865497075
'C944695695',171,167,4,2.3391812865497075
'C353985741',171,167,4,2.3391812865497075
'C2027310658',129,126,3,2.3255813953488373
'C576597517',129,126,3,2.3255813953488373
'C595076943',86,84,2,2.3255813953488373
'C2087715408',174,170,4,2.2988505747126435
'C555482626',174,170,4,2.2988505747126435
'C575345520',87,85,2,2.2988505747126435
'C111678629',87,85,2,2.2988505747126435
'C512338137',176,172,4,2.272727272727273
'C1321173882',176,172,4,2.272727272727273
'C1060270098',176,172,4,2.272727272727273
'C667215072',176,172,4,2.272727272727273
'C55178455',132,129,3,2.272727272727273
'C145208657',88,86,2,2.272727272727273
'C1965185304',88,86,2,2.272727272727273
'C117112395',177,173,4,2.2598870056497176
'C993027768',177,173,4,2.2598870056497176
'C260927654',133,130,3,2.2556390977443606
'C1242334684',133,130,3,2.2556390977443606
'C748358246',178,174,4,2.247191011235955
'C306641104',89,87,2,2.247191011235955
'C1487582791',134,131,3,2.2388059701492535
'C1524019070',179,175,4,2.2346368715083798
'C744859144',179,175,4,2.2346368715083798
'C759940472',179,175,4,2.2346368715083798
'C404075543',135,132,3,2.2222222222222223
'C132520837',90,88,2,2.2222222222222223
'C226946948',136,133,3,2.2058823529411766
'C430016376',91,89,2,2.197802197802198
'C2092733799',183,179,4,2.185792349726776
'C78631448',46,45,1,2.1739130434782608
'C800272493',186,182,4,2.1505376344086025
'C119537158',140,137,3,2.142857142857143
'C288727438',140,137,3,2.142857142857143
'C1993791093',140,137,3,2.142857142857143
'C926672832',140,137,3,2.142857142857143
'C2117244434',140,137,3,2.142857142857143
'C86186949',187,183,4,2.13903743315508
'C1788210321',141,138,3,2.127659574468085
'C73726310',141,138,3,2.127659574468085
'C728432657',141,138,3,2.127659574468085
'C1617547021',94,92,2,2.127659574468085
'C1147973334',94,92,2,2.127659574468085
'C913841043',47,46,1,2.127659574468085
'C915739806',47,46,1,2.127659574468085
'C2033860682',47,46,1,2.127659574468085
'C327430270',142,139,3,2.112676056338028
'C739658140',142,139,3,2.112676056338028
'C1134333439',142,139,3,2.112676056338028
'C339075311',142,139,3,2.112676056338028
'C680687990',95,93,2,2.1052631578947367
'C1073865173',95,93,2,2.1052631578947367
'C1158029630',95,93,2,2.1052631578947367
'C771874671',143,140,3,2.097902097902098
'C365096731',143,140,3,2.097902097902098
'C880299982',144,141,3,2.083333333333333
'C1564693206',144,141,3,2.083333333333333
'C2008562542',96,94,2,2.083333333333333
'C1101433185',96,94,2,2.083333333333333
'C1232725180',48,47,1,2.083333333333333
'C1721990514',48,47,1,2.083333333333333
'C1478081031',145,142,3,2.0689655172413794
'C1392676510',97,95,2,2.0618556701030926
'C37682628',147,144,3,2.0408163265306123
'C1648492699',147,144,3,2.0408163265306123
'C719449879',98,96,2,2.0408163265306123
'C1134229140',98,96,2,2.0408163265306123
'C408598280',98,96,2,2.0408163265306123
'C289653430',49,48,1,2.0408163265306123
'C1746579125',148,145,3,2.027027027027027
'C1910153505',99,97,2,2.0202020202020203
'C1871125244',99,97,2,2.0202020202020203
'C1629621972',99,97,2,2.0202020202020203
'C1085056650',149,146,3,2.013422818791946
'C1007572087',150,147,3,2.0
'C136606306',150,147,3,2.0
'C1233405214',50,49,1,2.0
'C946935568',50,49,1,2.0
'C103240070',151,148,3,1.9867549668874174
'C789852022',151,148,3,1.9867549668874174
'C1279785305',151,148,3,1.9867549668874174
'C283266984',101,99,2,1.9801980198019802
'C1346358504',152,149,3,1.9736842105263157
'C965421722',152,149,3,1.9736842105263157
'C954359387',102,100,2,1.9607843137254901
'C1239184141',51,50,1,1.9607843137254901
'C1452053500',103,101,2,1.9417475728155338
'C1499241933',103,101,2,1.9417475728155338
'C974315171',156,153,3,1.9230769230769231
'C143498560',156,153,3,1.9230769230769231
'C381446674',157,154,3,1.910828025477707
'C102364766',157,154,3,1.910828025477707
'C1920498287',157,154,3,1.910828025477707
'C252625411',105,103,2,1.9047619047619049
'C1290724680',105,103,2,1.9047619047619049
'C1964602402',158,155,3,1.89873417721519
'C908162687',158,155,3,1.89873417721519
'C1763371495',159,156,3,1.8867924528301887
'C1568308501',159,156,3,1.8867924528301887
'C1923945958',106,104,2,1.8867924528301887
'C995746715',106,104,2,1.8867924528301887
'C1979396384',53,52,1,1.8867924528301887
'C1370669821',160,157,3,1.875
'C1767839998',160,157,3,1.875
'C2078039202',107,105,2,1.8691588785046727
'C1607323693',107,105,2,1.8691588785046727
'C837031785',162,159,3,1.8518518518518516
'C1861455727',162,159,3,1.8518518518518516
'C725705195',162,159,3,1.8518518518518516
'C1734948367',162,159,3,1.8518518518518516
'C1022713215',162,159,3,1.8518518518518516
'C439977323',108,106,2,1.8518518518518516
'C928481238',108,106,2,1.8518518518518516
'C809339851',108,106,2,1.8518518518518516
'C1269288419',108,106,2,1.8518518518518516
'C813786166',108,106,2,1.8518518518518516
'C217572786',54,53,1,1.8518518518518516
'C1413412440',109,107,2,1.834862385321101
'C1820624068',109,107,2,1.834862385321101
'C792765429',109,107,2,1.834862385321101
'C95082443',109,107,2,1.834862385321101
'C2057462116',164,161,3,1.8292682926829267
'C1860405125',164,161,3,1.8292682926829267
'C628112283',164,161,3,1.8292682926829267
'C588937224',165,162,3,1.8181818181818181
'C1584366693',165,162,3,1.8181818181818181
'C278501873',110,108,2,1.8181818181818181
'C825622087',110,108,2,1.8181818181818181
'C354729496',110,108,2,1.8181818181818181
'C450548035',166,163,3,1.8072289156626504
'C1567385001',166,163,3,1.8072289156626504
'C1201848792',166,163,3,1.8072289156626504
'C1117403153',166,163,3,1.8072289156626504
'C1928005021',166,163,3,1.8072289156626504
'C660232446',111,109,2,1.8018018018018018
'C756645719',167,164,3,1.7964071856287425
'C295362058',167,164,3,1.7964071856287425
'C351880818',167,164,3,1.7964071856287425
'C53497422',167,164,3,1.7964071856287425
'C1482659693',168,165,3,1.7857142857142856
'C1413774656',168,165,3,1.7857142857142856
'C128008012',168,165,3,1.7857142857142856
'C1668825144',168,165,3,1.7857142857142856
'C2008428493',168,165,3,1.7857142857142856
'C417225282',112,110,2,1.7857142857142856
'C154987119',112,110,2,1.7857142857142856
'C629942205',56,55,1,1.7857142857142856
'C150820973',169,166,3,1.7751479289940828
'C576545848',169,166,3,1.7751479289940828
'C1791793827',170,167,3,1.7647058823529411
'C605859862',170,167,3,1.7647058823529411
'C1182825160',170,167,3,1.7647058823529411
'C1962291095',171,168,3,1.7543859649122806
'C2100466386',171,168,3,1.7543859649122806
'C1253245889',114,112,2,1.7543859649122806
'C1249070059',114,112,2,1.7543859649122806
'C1058785965',57,56,1,1.7543859649122806
'C1050458046',172,169,3,1.744186046511628
'C1680004438',172,169,3,1.744186046511628
'C23049140',172,169,3,1.744186046511628
'C1562991705',172,169,3,1.744186046511628
'C792341594',172,169,3,1.744186046511628
'C949319027',172,169,3,1.744186046511628
'C1107442215',172,169,3,1.744186046511628
'C906611945',172,169,3,1.744186046511628
'C1289219178',172,169,3,1.744186046511628
'C1609197353',115,113,2,1.7391304347826086
'C1992960127',173,170,3,1.7341040462427744
'C1293579037',173,170,3,1.7341040462427744
'C1174735331',173,170,3,1.7341040462427744
'C570913468',173,170,3,1.7341040462427744
'C176878772',173,170,3,1.7341040462427744
'C843090653',174,171,3,1.7241379310344827
'C1092769857',174,171,3,1.7241379310344827
'C538394574',116,114,2,1.7241379310344827
'C1836308269',117,115,2,1.7094017094017095
'C599638364',117,115,2,1.7094017094017095
'C480951921',176,173,3,1.7045454545454544
'C483485800',176,173,3,1.7045454545454544
'C532292379',176,173,3,1.7045454545454544
'C678697032',176,173,3,1.7045454545454544
'C1573211398',118,116,2,1.694915254237288
'C1215440829',118,116,2,1.694915254237288
'C1734879586',178,175,3,1.6853932584269662
'C1338932459',119,117,2,1.680672268907563
'C1069635670',119,117,2,1.680672268907563
'C1933075111',119,117,2,1.680672268907563
'C586511331',119,117,2,1.680672268907563
'C852586467',119,117,2,1.680672268907563
'C208514238',179,176,3,1.675977653631285
'C1988407051',120,118,2,1.6666666666666667
'C1200311106',120,118,2,1.6666666666666667
'C1605182199',120,118,2,1.6666666666666667
'C1975322645',120,118,2,1.6666666666666667
'C1360806205',60,59,1,1.6666666666666667
'C694265356',181,178,3,1.6574585635359116
'C1763624260',181,178,3,1.6574585635359116
'C227356089',181,178,3,1.6574585635359116
'C1561307190',121,119,2,1.6528925619834711
'C1360481565',182,179,3,1.6483516483516485
'C676229147',183,180,3,1.639344262295082
'C1597422235',183,180,3,1.639344262295082
'C1927346472',122,120,2,1.639344262295082
'C238162071',122,120,2,1.639344262295082
'C1558803570',184,181,3,1.6304347826086956
'C1242770016',123,121,2,1.6260162601626018
'C1720679886',124,122,2,1.6129032258064515
'C864252220',124,122,2,1.6129032258064515
'C1715900756',124,122,2,1.6129032258064515
'C764950264',62,61,1,1.6129032258064515
'C1385354747',125,123,2,1.6
'C1771706228',125,123,2,1.6
'C1324001180',127,125,2,1.574803149606299
'C1799589925',127,125,2,1.574803149606299
'C1546278193',128,126,2,1.5625
'C1622016247',64,63,1,1.5625
'C172707110',129,127,2,1.550387596899225
'C2011875751',130,128,2,1.5384615384615385
'C425397379',65,64,1,1.5384615384615385
'C1196357413',131,129,2,1.5267175572519083
'C1771537982',131,129,2,1.5267175572519083
'C836959718',132,130,2,1.5151515151515151
'C1671770086',132,130,2,1.5151515151515151
'C1828416123',66,65,1,1.5151515151515151
'C897612698',66,65,1,1.5151515151515151
'C1780824451',133,131,2,1.5037593984962405
'C1394454342',136,134,2,1.4705882352941175
'C581581060',136,134,2,1.4705882352941175
'C2128712024',136,134,2,1.4705882352941175
'C1850870588',136,134,2,1.4705882352941175
'C190521845',136,134,2,1.4705882352941175
'C1728647108',68,67,1,1.4705882352941175
'C1122303126',68,67,1,1.4705882352941175
'C615816786',137,135,2,1.4598540145985401
'C877486986',138,136,2,1.4492753623188406
'C1304555023',138,136,2,1.4492753623188406
'C405614551',69,68,1,1.4492753623188406
'C2075157607',139,137,2,1.4388489208633095
'C271457213',140,138,2,1.4285714285714286
'C662836745',140,138,2,1.4285714285714286
'C92426600',70,69,1,1.4285714285714286
'C1361248894',70,69,1,1.4285714285714286
'C1523854098',141,139,2,1.4184397163120568
'C826715503',142,140,2,1.4084507042253522
'C1017941602',142,140,2,1.4084507042253522
'C999393223',142,140,2,1.4084507042253522
'C1033736586',142,140,2,1.4084507042253522
'C1561544871',142,140,2,1.4084507042253522
'C1018153896',144,142,2,1.3888888888888888
'C1990341771',144,142,2,1.3888888888888888
'C34441666',144,142,2,1.3888888888888888
'C1592279480',144,142,2,1.3888888888888888
'C880450043',72,71,1,1.3888888888888888
'C411345215',145,143,2,1.3793103448275863
'C77017704',145,143,2,1.3793103448275863
'C1298891864',145,143,2,1.3793103448275863
'C1501124312',145,143,2,1.3793103448275863
'C1202775726',145,143,2,1.3793103448275863
'C1236533874',145,143,2,1.3793103448275863
'C1426006139',146,144,2,1.36986301369863
'C1082594377',146,144,2,1.36986301369863
'C626467543',146,144,2,1.36986301369863
'C1087227796',146,144,2,1.36986301369863
'C1432825682',146,144,2,1.36986301369863
'C447056233',146,144,2,1.36986301369863
'C1355509614',73,72,1,1.36986301369863
'C1739468858',73,72,1,1.36986301369863
'C261466841',147,145,2,1.3605442176870748
'C963460752',147,145,2,1.3605442176870748
'C777971561',148,146,2,1.3513513513513513
'C1597977404',148,146,2,1.3513513513513513
'C2088631865',148,146,2,1.3513513513513513
'C1242686524',74,73,1,1.3513513513513513
'C1516949785',74,73,1,1.3513513513513513
'C1656381290',74,73,1,1.3513513513513513
'C171345183',149,147,2,1.342281879194631
'C1100289413',149,147,2,1.342281879194631
'C2136008441',149,147,2,1.342281879194631
'C1847494890',150,148,2,1.3333333333333335
'C841747618',150,148,2,1.3333333333333335
'C241071592',75,74,1,1.3333333333333335
'C700553509',75,74,1,1.3333333333333335
'C870503362',151,149,2,1.3245033112582782
'C1179217322',152,150,2,1.3157894736842104
'C702798720',152,150,2,1.3157894736842104
'C684162308',76,75,1,1.3157894736842104
'C2041168843',76,75,1,1.3157894736842104
'C566582492',154,152,2,1.2987012987012987
'C399875163',154,152,2,1.2987012987012987
'C394469483',154,152,2,1.2987012987012987
'C719598710',77,76,1,1.2987012987012987
'C279399121',77,76,1,1.2987012987012987
'C762614808',155,153,2,1.2903225806451613
'C1248026439',156,154,2,1.282051282051282
'C1463356115',156,154,2,1.282051282051282
'C71746980',78,77,1,1.282051282051282
'C2040640036',157,155,2,1.2738853503184715
'C1372889664',157,155,2,1.2738853503184715
'C299734038',157,155,2,1.2738853503184715
'C2037338028',157,155,2,1.2738853503184715
'C1454671890',157,155,2,1.2738853503184715
'C914488986',158,156,2,1.2658227848101267
'C1057813963',158,156,2,1.2658227848101267
'C1702053445',158,156,2,1.2658227848101267
'C1028995887',79,78,1,1.2658227848101267
'C944711585',79,78,1,1.2658227848101267
'C1466730207',159,157,2,1.257861635220126
'C267593624',159,157,2,1.257861635220126
'C194016923',160,158,2,1.25
'C723217997',160,158,2,1.25
'C799349963',160,158,2,1.25
'C1100570635',160,158,2,1.25
'C506520283',162,160,2,1.2345679012345678
'C936435497',162,160,2,1.2345679012345678
'C236932311',81,80,1,1.2345679012345678
'C199664659',81,80,1,1.2345679012345678
'C751491447',81,80,1,1.2345679012345678
'C718801730',163,161,2,1.2269938650306749
'C207575907',163,161,2,1.2269938650306749
'C802146030',164,162,2,1.2195121951219512
'C1189224644',164,162,2,1.2195121951219512
'C1195893546',164,162,2,1.2195121951219512
'C859741683',164,162,2,1.2195121951219512
'C1981040988',82,81,1,1.2195121951219512
'C322786133',82,81,1,1.2195121951219512
'C1014313887',165,163,2,1.2121212121212122
'C1870872671',166,164,2,1.2048192771084338
'C1336232196',166,164,2,1.2048192771084338
'C1038722314',166,164,2,1.2048192771084338
'C529033504',83,82,1,1.2048192771084338
'C696806398',167,165,2,1.1976047904191618
'C481773197',167,165,2,1.1976047904191618
'C1517707344',167,165,2,1.1976047904191618
'C1651395634',167,165,2,1.1976047904191618
'C68881864',167,165,2,1.1976047904191618
'C486996910',167,165,2,1.1976047904191618
'C207380283',168,166,2,1.1904761904761905
'C2091583256',168,166,2,1.1904761904761905
'C1432312197',168,166,2,1.1904761904761905
'C656851338',168,166,2,1.1904761904761905
'C1272326382',168,166,2,1.1904761904761905
'C1205257074',168,166,2,1.1904761904761905
'C1906711479',168,166,2,1.1904761904761905
'C343535530',84,83,1,1.1904761904761905
'C637831009',169,167,2,1.183431952662722
'C1480799932',169,167,2,1.183431952662722
'C1589138432',169,167,2,1.183431952662722
'C911078435',169,167,2,1.183431952662722
'C1897313368',169,167,2,1.183431952662722
'C1214582637',169,167,2,1.183431952662722
'C1581709798',169,167,2,1.183431952662722
'C23740594',169,167,2,1.183431952662722
'C312053639',169,167,2,1.183431952662722
'C187514477',170,168,2,1.1764705882352942
'C373567366',170,168,2,1.1764705882352942
'C1160118068',170,168,2,1.1764705882352942
'C2005372528',170,168,2,1.1764705882352942
'C381528901',170,168,2,1.1764705882352942
'C435572486',85,84,1,1.1764705882352942
'C1253760419',85,84,1,1.1764705882352942
'C559852072',85,84,1,1.1764705882352942
'C1159406873',171,169,2,1.1695906432748537
'C998690782',171,169,2,1.1695906432748537
'C1345265337',171,169,2,1.1695906432748537
'C484268062',172,170,2,1.1627906976744187
'C180936571',172,170,2,1.1627906976744187
'C2138823885',172,170,2,1.1627906976744187
'C1245363669',172,170,2,1.1627906976744187
'C957324981',172,170,2,1.1627906976744187
'C507179979',172,170,2,1.1627906976744187
'C1120165888',86,85,1,1.1627906976744187
'C48179336',86,85,1,1.1627906976744187
'C1828909550',86,85,1,1.1627906976744187
'C1154631581',173,171,2,1.1560693641618496
'C121713128',173,171,2,1.1560693641618496
'C987677028',173,171,2,1.1560693641618496
'C2074563683',173,171,2,1.1560693641618496
'C170002529',173,171,2,1.1560693641618496
'C841956493',173,171,2,1.1560693641618496
'C1769927077',174,172,2,1.1494252873563218
'C433481742',174,172,2,1.1494252873563218
'C927766810',174,172,2,1.1494252873563218
'C855942730',174,172,2,1.1494252873563218
'C530444699',174,172,2,1.1494252873563218
'C1703739582',174,172,2,1.1494252873563218
'C343512101',174,172,2,1.1494252873563218
'C1142956269',87,86,1,1.1494252873563218
'C1191069340',87,86,1,1.1494252873563218
'C940412764',87,86,1,1.1494252873563218
'C1148635270',87,86,1,1.1494252873563218
'C534961358',175,173,2,1.1428571428571428
'C11453786',175,173,2,1.1428571428571428
'C1814131114',175,173,2,1.1428571428571428
'C1175684338',175,173,2,1.1428571428571428
'C658175205',175,173,2,1.1428571428571428
'C1186894186',175,173,2,1.1428571428571428
'C719205737',176,174,2,1.1363636363636365
'C461156176',176,174,2,1.1363636363636365
'C2021849962',176,174,2,1.1363636363636365
'C1548142512',176,174,2,1.1363636363636365
'C2043823425',176,174,2,1.1363636363636365
'C1350409226',176,174,2,1.1363636363636365
'C864655240',177,175,2,1.1299435028248588
'C719332132',177,175,2,1.1299435028248588
'C39112485',177,175,2,1.1299435028248588
'C1122835446',177,175,2,1.1299435028248588
'C1564260047',178,176,2,1.1235955056179776
'C284165615',178,176,2,1.1235955056179776
'C436675602',178,176,2,1.1235955056179776
'C1980881901',178,176,2,1.1235955056179776
'C823847346',89,88,1,1.1235955056179776
'C1512732275',179,177,2,1.1173184357541899
'C706685788',179,177,2,1.1173184357541899
'C1132392725',90,89,1,1.1111111111111112
'C1638237205',181,179,2,1.1049723756906076
'C1506066038',181,179,2,1.1049723756906076
'C413242191',182,180,2,1.098901098901099
'C997029022',92,91,1,1.0869565217391304
'C1890779401',92,91,1,1.0869565217391304
'C548185127',94,93,1,1.0638297872340425
'C1149893807',94,93,1,1.0638297872340425
'C1963238862',95,94,1,1.0526315789473684
'C2144330803',95,94,1,1.0526315789473684
'C645539039',95,94,1,1.0526315789473684
'C2117326082',95,94,1,1.0526315789473684
'C607062277',96,95,1,1.0416666666666665
'C2013867948',96,95,1,1.0416666666666665
'C376073938',96,95,1,1.0416666666666665
'C1018979501',98,97,1,1.0204081632653061
'C1216919532',98,97,1,1.0204081632653061
'C651594350',99,98,1,1.0101010101010102
'C1593769010',99,98,1,1.0101010101010102
'C833126375',99,98,1,1.0101010101010102
'C1331123896',99,98,1,1.0101010101010102
'C937166633',100,99,1,1.0
'C1096642744',100,99,1,1.0
'C626305923',101,100,1,0.9900990099009901
'C506565122',101,100,1,0.9900990099009901
'C512928735',101,100,1,0.9900990099009901
'C589097761',101,100,1,0.9900990099009901
'C449262890',102,101,1,0.9803921568627451
'C1607207670',102,101,1,0.9803921568627451
'C417650106',102,101,1,0.9803921568627451
'C1177926954',105,104,1,0.9523809523809524
'C1819552999',105,104,1,0.9523809523809524
'C456338836',106,105,1,0.9433962264150944
'C447736219',106,105,1,0.9433962264150944
'C1388933025',107,106,1,0.9345794392523363
'C1489294793',107,106,1,0.9345794392523363
'C602498884',107,106,1,0.9345794392523363
'C1533664211',107,106,1,0.9345794392523363
'C971838371',108,107,1,0.9259259259259258
'C858160484',108,107,1,0.9259259259259258
'C707769587',108,107,1,0.9259259259259258
'C570277915',108,107,1,0.9259259259259258
'C1760524265',109,108,1,0.9174311926605505
'C1058213633',109,108,1,0.9174311926605505
'C2027052970',110,109,1,0.9090909090909091
'C653084813',111,110,1,0.9009009009009009
'C1019678929',112,111,1,0.8928571428571428
'C1155259690',113,112,1,0.8849557522123894
'C1023694383',113,112,1,0.8849557522123894
'C1497135910',113,112,1,0.8849557522123894
'C943088790',114,113,1,0.8771929824561403
'C1537903478',114,113,1,0.8771929824561403
'C1535009453',115,114,1,0.8695652173913043
'C360122873',115,114,1,0.8695652173913043
'C730142143',115,114,1,0.8695652173913043
'C1881495517',115,114,1,0.8695652173913043
'C346030769',116,115,1,0.8620689655172413
'C773517519',116,115,1,0.8620689655172413
'C1642374729',118,117,1,0.847457627118644
'C614111561',119,118,1,0.8403361344537815
'C111217068',119,118,1,0.8403361344537815
'C1019071188',120,119,1,0.8333333333333334
'C900337975',120,119,1,0.8333333333333334
'C1869939691',120,119,1,0.8333333333333334
'C1170049298',120,119,1,0.8333333333333334
'C1506293914',121,120,1,0.8264462809917356
'C831378949',121,120,1,0.8264462809917356
'C1069648311',121,120,1,0.8264462809917356
'C908646797',121,120,1,0.8264462809917356
'C999723254',122,121,1,0.819672131147541
'C1033416330',123,122,1,0.8130081300813009
'C1632035340',124,123,1,0.8064516129032258
'C1308910127',124,123,1,0.8064516129032258
'C1710387865',124,123,1,0.8064516129032258
'C1159279360',124,123,1,0.8064516129032258
'C1892148523',125,124,1,0.8
'C1890075917',125,124,1,0.8
'C193924578',126,125,1,0.7936507936507936
'C95356',126,125,1,0.7936507936507936
'C1134533551',126,125,1,0.7936507936507936
'C324498528',127,126,1,0.7874015748031495
'C528985379',128,127,1,0.78125
'C1273015960',130,129,1,0.7692307692307693
'C1040405455',130,129,1,0.7692307692307693
'C985780492',131,130,1,0.7633587786259541
'C1000148617',131,130,1,0.7633587786259541
'C1360225709',132,131,1,0.7575757575757576
'C1018783569',132,131,1,0.7575757575757576
'C1386324281',132,131,1,0.7575757575757576
'C1965496749',133,132,1,0.7518796992481203
'C1802714004',133,132,1,0.7518796992481203
'C1100361227',133,132,1,0.7518796992481203
'C428024823',133,132,1,0.7518796992481203
'C1981764666',134,133,1,0.7462686567164178
'C1256072323',134,133,1,0.7462686567164178
'C1013199152',134,133,1,0.7462686567164178
'C521087514',135,134,1,0.7407407407407408
'C578700012',135,134,1,0.7407407407407408
'C573104116',135,134,1,0.7407407407407408
'C2044438336',135,134,1,0.7407407407407408
'C241463462',135,134,1,0.7407407407407408
'C351144071',136,135,1,0.7352941176470588
'C1381700589',136,135,1,0.7352941176470588
'C1978080967',136,135,1,0.7352941176470588
'C1731138845',137,136,1,0.7299270072992701
'C1159034982',137,136,1,0.7299270072992701
'C1327677398',137,136,1,0.7299270072992701
'C1038329920',137,136,1,0.7299270072992701
'C2120153320',138,137,1,0.7246376811594203
'C1311947724',138,137,1,0.7246376811594203
'C918933783',138,137,1,0.7246376811594203
'C465037281',140,139,1,0.7142857142857143
'C2087230127',140,139,1,0.7142857142857143
'C1670883164',141,140,1,0.7092198581560284
'C2060778761',141,140,1,0.7092198581560284
'C673994225',141,140,1,0.7092198581560284
'C951578955',141,140,1,0.7092198581560284
'C848738212',141,140,1,0.7092198581560284
'C1867566140',142,141,1,0.7042253521126761
'C1887326984',142,141,1,0.7042253521126761
'C272748313',143,142,1,0.6993006993006993
'C379301962',143,142,1,0.6993006993006993
'C849342403',143,142,1,0.6993006993006993
'C1896828249',144,143,1,0.6944444444444444
'C1082769360',144,143,1,0.6944444444444444
'C1078351181',145,144,1,0.6896551724137931
'C599293124',146,145,1,0.684931506849315
'C1045652139',146,145,1,0.684931506849315
'C2130327838',146,145,1,0.684931506849315
'C1959396051',147,146,1,0.6802721088435374
'C1530773220',148,147,1,0.6756756756756757
'C189823798',150,149,1,0.6666666666666667
'C466569235',150,149,1,0.6666666666666667
'C1108787528',151,150,1,0.6622516556291391
'C2075935351',152,151,1,0.6578947368421052
'C1110919755',152,151,1,0.6578947368421052
'C638119430',152,151,1,0.6578947368421052
'C1459810780',153,152,1,0.6535947712418301
'C187965576',153,152,1,0.6535947712418301
'C1780497356',153,152,1,0.6535947712418301
'C1670516684',153,152,1,0.6535947712418301
'C813128680',154,153,1,0.6493506493506493
'C1166075201',154,153,1,0.6493506493506493
'C739589782',154,153,1,0.6493506493506493
'C1529207541',155,154,1,0.6451612903225806
'C1057259459',155,154,1,0.6451612903225806
'C1908932714',155,154,1,0.6451612903225806
'C1229114783',155,154,1,0.6451612903225806
'C1475799889',156,155,1,0.641025641025641
'C399777042',156,155,1,0.641025641025641
'C1943108967',156,155,1,0.641025641025641
'C1456029725',156,155,1,0.641025641025641
'C20239039',156,155,1,0.641025641025641
'C1068772542',156,155,1,0.641025641025641
'C1838948302',157,156,1,0.6369426751592357
'C1214279601',157,156,1,0.6369426751592357
'C407936671',157,156,1,0.6369426751592357
'C1610565169',157,156,1,0.6369426751592357
'C1955375790',158,157,1,0.6329113924050633
'C918659260',158,157,1,0.6329113924050633
'C427983732',159,158,1,0.628930817610063
'C2030210340',159,158,1,0.628930817610063
'C1385406679',159,158,1,0.628930817610063
'C801797246',159,158,1,0.628930817610063
'C1800696439',160,159,1,0.625
'C665566426',160,159,1,0.625
'C1193034305',160,159,1,0.625
'C1201696181',160,159,1,0.625
'C1158875335',160,159,1,0.625
'C810134226',160,159,1,0.625
'C2051145244',161,160,1,0.6211180124223602
'C658256470',161,160,1,0.6211180124223602
'C1862240946',161,160,1,0.6211180124223602
'C1547689237',161,160,1,0.6211180124223602
'C1078316853',161,160,1,0.6211180124223602
'C1772071898',161,160,1,0.6211180124223602
'C1075787773',161,160,1,0.6211180124223602
'C1514271157',161,160,1,0.6211180124223602
'C1037622786',162,161,1,0.6172839506172839
'C1188590334',162,161,1,0.6172839506172839
'C1335108214',162,161,1,0.6172839506172839
'C1543824543',162,161,1,0.6172839506172839
'C83651461',163,162,1,0.6134969325153374
'C30336615',163,162,1,0.6134969325153374
'C23582994',163,162,1,0.6134969325153374
'C1866572071',163,162,1,0.6134969325153374
'C203163727',163,162,1,0.6134969325153374
'C1808385426',163,162,1,0.6134969325153374
'C1846578588',164,163,1,0.6097560975609756
'C1368210201',164,163,1,0.6097560975609756
'C1126112663',164,163,1,0.6097560975609756
'C1511497789',164,163,1,0.6097560975609756
'C352261908',164,163,1,0.6097560975609756
'C1039390058',164,163,1,0.6097560975609756
'C17589297',164,163,1,0.6097560975609756
'C262282046',164,163,1,0.6097560975609756
'C2110878299',164,163,1,0.6097560975609756
'C893276958',164,163,1,0.6097560975609756
'C1234470601',164,163,1,0.6097560975609756
'C161101673',165,164,1,0.6060606060606061
'C1296664552',165,164,1,0.6060606060606061
'C1735726583',165,164,1,0.6060606060606061
'C848308923',165,164,1,0.6060606060606061
'C612045723',165,164,1,0.6060606060606061
'C987620594',165,164,1,0.6060606060606061
'C842993265',165,164,1,0.6060606060606061
'C133401060',165,164,1,0.6060606060606061
'C1703319891',165,164,1,0.6060606060606061
'C186469824',166,165,1,0.6024096385542169
'C678683295',166,165,1,0.6024096385542169
'C232517457',166,165,1,0.6024096385542169
'C819131219',166,165,1,0.6024096385542169
'C1010936270',166,165,1,0.6024096385542169
'C965952231',167,166,1,0.5988023952095809
'C841616397',167,166,1,0.5988023952095809
'C913863966',167,166,1,0.5988023952095809
'C326815335',167,166,1,0.5988023952095809
'C970704037',167,166,1,0.5988023952095809
'C1153569753',167,166,1,0.5988023952095809
'C856674856',168,167,1,0.5952380952380952
'C612005121',168,167,1,0.5952380952380952
'C1788358708',168,167,1,0.5952380952380952
'C1354799046',168,167,1,0.5952380952380952
'C1445931696',168,167,1,0.5952380952380952
'C204633978',168,167,1,0.5952380952380952
'C1969886762',168,167,1,0.5952380952380952
'C1332125345',168,167,1,0.5952380952380952
'C990997956',168,167,1,0.5952380952380952
'C123623130',168,167,1,0.5952380952380952
'C402994775',168,167,1,0.5952380952380952
'C2132932756',168,167,1,0.5952380952380952
'C777863522',168,167,1,0.5952380952380952
'C1807259356',169,168,1,0.591715976331361
'C1821582093',169,168,1,0.591715976331361
'C653835530',169,168,1,0.591715976331361
'C1382480007',169,168,1,0.591715976331361
'C1194320883',169,168,1,0.591715976331361
'C883419967',169,168,1,0.591715976331361
'C430171917',169,168,1,0.591715976331361
'C1276892406',170,169,1,0.5882352941176471
'C862785719',170,169,1,0.5882352941176471
'C1359606474',170,169,1,0.5882352941176471
'C261398093',170,169,1,0.5882352941176471
'C1541224095',170,169,1,0.5882352941176471
'C961515074',170,169,1,0.5882352941176471
'C256310721',170,169,1,0.5882352941176471
'C73919470',170,169,1,0.5882352941176471
'C2062869828',170,169,1,0.5882352941176471
'C276623362',170,169,1,0.5882352941176471
'C409740988',170,169,1,0.5882352941176471
'C310220915',170,169,1,0.5882352941176471
'C128812892',170,169,1,0.5882352941176471
'C509860014',170,169,1,0.5882352941176471
'C1765886577',170,169,1,0.5882352941176471
'C1272188168',171,170,1,0.5847953216374269
'C460167545',171,170,1,0.5847953216374269
'C1051356798',171,170,1,0.5847953216374269
'C75278863',171,170,1,0.5847953216374269
'C1040303644',171,170,1,0.5847953216374269
'C190398591',171,170,1,0.5847953216374269
'C386332652',171,170,1,0.5847953216374269
'C639532055',171,170,1,0.5847953216374269
'C507831273',171,170,1,0.5847953216374269
'C2129964241',171,170,1,0.5847953216374269
'C1679430600',171,170,1,0.5847953216374269
'C1871594117',172,171,1,0.5813953488372093
'C1890250226',172,171,1,0.5813953488372093
'C1076053396',172,171,1,0.5813953488372093
'C1693925346',172,171,1,0.5813953488372093
'C1037161656',172,171,1,0.5813953488372093
'C1874220848',172,171,1,0.5813953488372093
'C1175419672',172,171,1,0.5813953488372093
'C1030484150',172,171,1,0.5813953488372093
'C1129737137',172,171,1,0.5813953488372093
'C125481968',172,171,1,0.5813953488372093
'C102010508',172,171,1,0.5813953488372093
'C602544155',172,171,1,0.5813953488372093
'C707755349',172,171,1,0.5813953488372093
'C337165520',172,171,1,0.5813953488372093
'C996804095',173,172,1,0.5780346820809248
'C72353846',173,172,1,0.5780346820809248
'C183270065',173,172,1,0.5780346820809248
'C2005671734',173,172,1,0.5780346820809248
'C2059136665',173,172,1,0.5780346820809248
'C1059874896',173,172,1,0.5780346820809248
'C1922157108',173,172,1,0.5780346820809248
'C190128751',173,172,1,0.5780346820809248
'C1921196241',173,172,1,0.5780346820809248
'C1038879380',173,172,1,0.5780346820809248
'C606861698',173,172,1,0.5780346820809248
'C173276320',174,173,1,0.5747126436781609
'C299858046',174,173,1,0.5747126436781609
'C437189630',174,173,1,0.5747126436781609
'C1897689911',174,173,1,0.5747126436781609
'C731767226',174,173,1,0.5747126436781609
'C1872660217',174,173,1,0.5747126436781609
'C605522883',174,173,1,0.5747126436781609
'C763253161',174,173,1,0.5747126436781609
'C251449240',174,173,1,0.5747126436781609
'C630871084',174,173,1,0.5747126436781609
'C1821681988',174,173,1,0.5747126436781609
'C812882942',175,174,1,0.5714285714285714
'C2112563194',175,174,1,0.5714285714285714
'C742560751',175,174,1,0.5714285714285714
'C133432771',175,174,1,0.5714285714285714
'C1530262146',175,174,1,0.5714285714285714
'C269960003',175,174,1,0.5714285714285714
'C765155274',176,175,1,0.5681818181818182
'C956700475',176,175,1,0.5681818181818182
'C723171448',176,175,1,0.5681818181818182
'C1597289593',176,175,1,0.5681818181818182
'C576453501',176,175,1,0.5681818181818182
'C122290547',176,175,1,0.5681818181818182
'C118836015',176,175,1,0.5681818181818182
'C1740186506',176,175,1,0.5681818181818182
'C115603187',177,176,1,0.5649717514124294
'C1255643141',177,176,1,0.5649717514124294
'C370861553',178,177,1,0.5617977528089888
'C281474709',178,177,1,0.5617977528089888
'C2084449024',179,178,1,0.5586592178770949
'C1387070447',179,178,1,0.5586592178770949
'C544997662',179,178,1,0.5586592178770949
'C1264836741',180,179,1,0.5555555555555556
'C1056476734',180,179,1,0.5555555555555556
'C161678291',180,179,1,0.5555555555555556
'C159913055',182,181,1,0.5494505494505495
'C886658445',182,181,1,0.5494505494505495
'C1307916597',183,182,1,0.546448087431694
'C951689990',184,183,1,0.5434782608695652
'C1882101149',184,183,1,0.5434782608695652
'C44857022',184,183,1,0.5434782608695652
'C2120296918',187,186,1,0.53475935828877
'C980876590',189,189,0,0.0
'C582688427',188,188,0,0.0
'C1090528803',188,188,0,0.0
'C2125787399',188,188,0,0.0
'C359363895',188,188,0,0.0
'C822689044',187,187,0,0.0
'C1660043980',186,186,0,0.0
'C1872482068',185,185,0,0.0
'C924804429',185,185,0,0.0
'C1953142190',185,185,0,0.0
'C566598245',185,185,0,0.0
'C1569939854',184,184,0,0.0
'C369046885',184,184,0,0.0
'C90085212',184,184,0,0.0
'C461669469',184,184,0,0.0
'C1155962240',184,184,0,0.0
'C864725258',184,184,0,0.0
'C1999699557',184,184,0,0.0
'C941334726',184,184,0,0.0
'C1141582476',184,184,0,0.0
'C1753498738',184,184,0,0.0
'C574289698',184,184,0,0.0
'C894687005',184,184,0,0.0
'C332727422',184,184,0,0.0
'C477595630',183,183,0,0.0
'C1632932485',183,183,0,0.0
'C814878326',183,183,0,0.0
'C251630036',183,183,0,0.0
'C1415168453',183,183,0,0.0
'C1299368401',183,183,0,0.0
'C272752096',183,183,0,0.0
'C1902837467',183,183,0,0.0
'C2104185147',183,183,0,0.0
'C1456851744',183,183,0,0.0
'C671524709',182,182,0,0.0
'C1549232957',182,182,0,0.0
'C1532733169',182,182,0,0.0
'C1304285526',182,182,0,0.0
'C460218551',182,182,0,0.0
'C106397937',182,182,0,0.0
'C976209265',182,182,0,0.0
'C695108722',182,182,0,0.0
'C1881279773',182,182,0,0.0
'C1883823119',182,182,0,0.0
'C481108455',182,182,0,0.0
'C1028143403',182,182,0,0.0
'C1421006824',182,182,0,0.0
'C470079617',182,182,0,0.0
'C1415453492',182,182,0,0.0
'C347453747',182,182,0,0.0
'C222098023',182,182,0,0.0
'C2048375146',182,182,0,0.0
'C1700159150',182,182,0,0.0
'C391642320',182,182,0,0.0
'C148765233',182,182,0,0.0
'C333484923',182,182,0,0.0
'C1438489717',182,182,0,0.0
'C1542345868',182,182,0,0.0
'C559952121',182,182,0,0.0
'C1267749701',182,182,0,0.0
'C207576555',181,181,0,0.0
'C524644424',181,181,0,0.0
'C1854104284',181,181,0,0.0
'C292682242',181,181,0,0.0
'C1269635185',181,181,0,0.0
'C910969605',181,181,0,0.0
'C280778280',181,181,0,0.0
'C114388565',181,181,0,0.0
'C830078297',181,181,0,0.0
'C1645276019',181,181,0,0.0
'C1973547259',181,181,0,0.0
'C99594781',181,181,0,0.0
'C1264224372',181,181,0,0.0
'C1542180842',181,181,0,0.0
'C2082605784',181,181,0,0.0
'C285984841',181,181,0,0.0
'C1732307957',181,181,0,0.0
'C341886098',181,181,0,0.0
'C1504341710',181,181,0,0.0
'C228882909',181,181,0,0.0
'C526384621',181,181,0,0.0
'C914243510',181,181,0,0.0
'C1644158733',181,181,0,0.0
'C1263461120',181,181,0,0.0
'C1996918734',181,181,0,0.0
'C1820855004',180,180,0,0.0
'C672742304',180,180,0,0.0
'C426128777',180,180,0,0.0
'C1229072215',180,180,0,0.0
'C602096181',180,180,0,0.0
'C1867965524',180,180,0,0.0
'C1782998558',180,180,0,0.0
'C494777408',180,180,0,0.0
'C483009385',180,180,0,0.0
'C1740004679',180,180,0,0.0
'C735039923',180,180,0,0.0
'C1156885344',180,180,0,0.0
'C2095429384',180,180,0,0.0
'C631654729',180,180,0,0.0
'C636259913',180,180,0,0.0
'C1209363182',180,180,0,0.0
'C1090046399',180,180,0,0.0
'C12662072',180,180,0,0.0
'C1525581466',180,180,0,0.0
'C1734287915',180,180,0,0.0
'C1942983218',180,180,0,0.0
'C41461366',180,180,0,0.0
'C149698808',180,180,0,0.0
'C1767103563',180,180,0,0.0
'C2117552812',180,180,0,0.0
'C152830802',180,180,0,0.0
'C1255149927',180,180,0,0.0
'C290140685',180,180,0,0.0
'C2075699398',180,180,0,0.0
'C500992269',180,180,0,0.0
'C1152356495',180,180,0,0.0
'C318818410',180,180,0,0.0
'C1496334304',180,180,0,0.0
'C984099618',180,180,0,0.0
'C1791559714',180,180,0,0.0
'C1507237884',180,180,0,0.0
'C1101722853',180,180,0,0.0
'C1928637369',180,180,0,0.0
'C477542874',180,180,0,0.0
'C2084267589',180,180,0,0.0
'C267009229',180,180,0,0.0
'C82079505',180,180,0,0.0
'C855112247',180,180,0,0.0
'C1129265408',180,180,0,0.0
'C1411169363',180,180,0,0.0
'C1966686053',180,180,0,0.0
'C870367228',179,179,0,0.0
'C779868884',179,179,0,0.0
'C673469784',179,179,0,0.0
'C1004300450',179,179,0,0.0
'C359698649',179,179,0,0.0
'C1667929755',179,179,0,0.0
'C138375181',179,179,0,0.0
'C139784508',179,179,0,0.0
'C1615671416',179,179,0,0.0
'C395508103',179,179,0,0.0
'C1415998962',179,179,0,0.0
'C213197624',179,179,0,0.0
'C196806031',179,179,0,0.0
'C479535332',179,179,0,0.0
'C1446511647',179,179,0,0.0
'C1558014544',179,179,0,0.0
'C1309027409',179,179,0,0.0
'C735563623',179,179,0,0.0
'C1503504810',179,179,0,0.0
'C487243829',179,179,0,0.0
'C1903005844',179,179,0,0.0
'C880625364',179,179,0,0.0
'C2035771335',179,179,0,0.0
'C771207119',179,179,0,0.0
'C2055009466',179,179,0,0.0
'C914000857',179,179,0,0.0
'C697242067',179,179,0,0.0
'C1421601814',179,179,0,0.0
'C272471718',179,179,0,0.0
'C1626806996',179,179,0,0.0
'C1031698099',179,179,0,0.0
'C299357678',179,179,0,0.0
'C2090486181',179,179,0,0.0
'C1538635916',179,179,0,0.0
'C1333661820',179,179,0,0.0
'C1776310825',179,179,0,0.0
'C17059521',179,179,0,0.0
'C1960353164',179,179,0,0.0
'C109634232',179,179,0,0.0
'C416655198',179,179,0,0.0
'C778323844',179,179,0,0.0
'C951702775',179,179,0,0.0
'C363029037',179,179,0,0.0
'C902837455',179,179,0,0.0
'C774836418',179,179,0,0.0
'C1784755412',179,179,0,0.0
'C1998442183',179,179,0,0.0
'C1045214627',179,179,0,0.0
'C1083375349',179,179,0,0.0
'C776775180',179,179,0,0.0
'C1779394537',179,179,0,0.0
'C1166355595',178,178,0,0.0
'C1161949399',178,178,0,0.0
'C476477241',178,178,0,0.0
'C13098029',178,178,0,0.0
'C2092526272',178,178,0,0.0
'C1815496848',178,178,0,0.0
'C395508885',178,178,0,0.0
'C108794529',178,178,0,0.0
'C936853935',178,178,0,0.0
'C956414645',178,178,0,0.0
'C324333692',178,178,0,0.0
'C1784864427',178,178,0,0.0
'C918296398',178,178,0,0.0
'C1081944543',178,178,0,0.0
'C75208519',178,178,0,0.0
'C885208928',178,178,0,0.0
'C1681589600',178,178,0,0.0
'C331622323',178,178,0,0.0
'C1005126300',178,178,0,0.0
'C782199851',178,178,0,0.0
'C490558731',178,178,0,0.0
'C1828345671',178,178,0,0.0
'C509362814',178,178,0,0.0
'C1594422820',178,178,0,0.0
'C2023751717',178,178,0,0.0
'C464042268',178,178,0,0.0
'C1476491893',178,178,0,0.0
'C1680323951',178,178,0,0.0
'C2063574289',178,178,0,0.0
'C1876476635',178,178,0,0.0
'C1962137244',178,178,0,0.0
'C858011639',178,178,0,0.0
'C220904895',178,178,0,0.0
'C35785606',178,178,0,0.0
'C59912595',178,178,0,0.0
'C1283534588',178,178,0,0.0
'C1254064510',178,178,0,0.0
'C944634193',178,178,0,0.0
'C647327489',178,178,0,0.0
'C297347471',178,178,0,0.0
'C1687903356',178,178,0,0.0
'C1141481813',178,178,0,0.0
'C76780537',178,178,0,0.0
'C1708732499',178,178,0,0.0
'C235397460',178,178,0,0.0
'C371396143',178,178,0,0.0
'C2060968828',178,178,0,0.0
'C1940215857',178,178,0,0.0
'C1717543260',178,178,0,0.0
'C911139709',178,178,0,0.0
'C1908894965',178,178,0,0.0
'C1087747329',178,178,0,0.0
'C323912860',178,178,0,0.0
'C750572020',178,178,0,0.0
'C114981535',178,178,0,0.0
'C249907687',178,178,0,0.0
'C328208842',178,178,0,0.0
'C1529774854',178,178,0,0.0
'C764048448',178,178,0,0.0
'C1928450094',178,178,0,0.0
'C15777324',178,178,0,0.0
'C1729635847',178,178,0,0.0
'C1936493073',178,178,0,0.0
'C825739161',178,178,0,0.0
'C1718318682',178,178,0,0.0
'C1698085181',178,178,0,0.0
'C524663308',178,178,0,0.0
'C2030175121',178,178,0,0.0
'C1440755608',178,178,0,0.0
'C1792734476',178,178,0,0.0
'C868061193',178,178,0,0.0
'C1014010834',178,178,0,0.0
'C1233238493',178,178,0,0.0
'C1605642067',178,178,0,0.0
'C2075898645',178,178,0,0.0
'C1786430014',178,178,0,0.0
'C2061535111',178,178,0,0.0
'C638838388',178,178,0,0.0
'C1508373758',178,178,0,0.0
'C1240209240',178,178,0,0.0
'C362654279',178,178,0,0.0
'C1151799720',178,178,0,0.0
'C998987490',177,177,0,0.0
'C345742557',177,177,0,0.0
'C281893917',177,177,0,0.0
'C2039473569',177,177,0,0.0
'C1206604144',177,177,0,0.0
'C1939799337',177,177,0,0.0
'C1445784416',177,177,0,0.0
'C1956819896',177,177,0,0.0
'C1732752834',177,177,0,0.0
'C1128349548',177,177,0,0.0
'C417912401',177,177,0,0.0
'C1390331883',177,177,0,0.0
'C1459624061',177,177,0,0.0
'C1913314890',177,177,0,0.0
'C1070471979',177,177,0,0.0
'C1040980271',177,177,0,0.0
'C1862384239',177,177,0,0.0
'C338406777',177,177,0,0.0
'C1812702959',177,177,0,0.0
'C1158738757',177,177,0,0.0
'C150273597',177,177,0,0.0
'C393216567',177,177,0,0.0
'C108940648',177,177,0,0.0
'C1379018843',177,177,0,0.0
'C693174391',177,177,0,0.0
'C1940951230',177,177,0,0.0
'C668289079',177,177,0,0.0
'C1468773146',177,177,0,0.0
'C1075692577',177,177,0,0.0
'C1812521679',177,177,0,0.0
'C2102316964',177,177,0,0.0
'C1092512638',177,177,0,0.0
'C1125832994',177,177,0,0.0
'C1005495267',177,177,0,0.0
'C722399783',177,177,0,0.0
'C517412999',177,177,0,0.0
'C1980302296',177,177,0,0.0
'C711859898',177,177,0,0.0
'C1227773968',177,177,0,0.0
'C1674379117',177,177,0,0.0
'C1801713151',177,177,0,0.0
'C911364935',177,177,0,0.0
'C2096265838',177,177,0,0.0
'C1740393527',177,177,0,0.0
'C1622415837',177,177,0,0.0
'C1402203755',177,177,0,0.0
'C1379814778',177,177,0,0.0
'C478820701',177,177,0,0.0
'C707234445',177,177,0,0.0
'C268949400',177,177,0,0.0
'C169274898',177,177,0,0.0
'C1914057832',177,177,0,0.0
'C367433559',177,177,0,0.0
'C99017559',177,177,0,0.0
'C65683893',177,177,0,0.0
'C712473227',177,177,0,0.0
'C1273885837',177,177,0,0.0
'C528877098',177,177,0,0.0
'C1814870538',177,177,0,0.0
'C67418210',177,177,0,0.0
'C1407767965',177,177,0,0.0
'C371570992',177,177,0,0.0
'C1530098029',177,177,0,0.0
'C1088464518',177,177,0,0.0
'C172921013',177,177,0,0.0
'C1760492708',177,177,0,0.0
'C643323409',177,177,0,0.0
'C1439880421',177,177,0,0.0
'C5079947',177,177,0,0.0
'C1763342131',177,177,0,0.0
'C868933598',177,177,0,0.0
'C1093842718',177,177,0,0.0
'C797980818',177,177,0,0.0
'C1100053869',177,177,0,0.0
'C1950870438',177,177,0,0.0
'C1054818236',177,177,0,0.0
'C407219337',177,177,0,0.0
'C1489078579',177,177,0,0.0
'C267284908',177,177,0,0.0
'C1536088502',177,177,0,0.0
'C1569014356',177,177,0,0.0
'C1804573810',177,177,0,0.0
'C1388726904',177,177,0,0.0
'C131915922',177,177,0,0.0
'C1081618305',177,177,0,0.0
'C1821035128',177,177,0,0.0
'C459123820',177,177,0,0.0
'C969284083',177,177,0,0.0
'C1222389110',177,177,0,0.0
'C587016440',177,177,0,0.0
'C1366869967',177,177,0,0.0
'C1934886086',177,177,0,0.0
'C2014169866',177,177,0,0.0
'C43130617',177,177,0,0.0
'C1887473486',177,177,0,0.0
'C1132565589',177,177,0,0.0
'C39890933',177,177,0,0.0
'C38227648',177,177,0,0.0
'C2012683959',177,177,0,0.0
'C1602759549',177,177,0,0.0
'C358037591',177,177,0,0.0
'C1383337902',177,177,0,0.0
'C1405664150',177,177,0,0.0
'C1724556830',177,177,0,0.0
'C1818021493',177,177,0,0.0
'C2064655298',177,177,0,0.0
'C1630697663',177,177,0,0.0
'C337291476',177,177,0,0.0
'C1781238594',177,177,0,0.0
'C350348759',177,177,0,0.0
'C1950723662',176,176,0,0.0
'C76969430',176,176,0,0.0
'C2006367089',176,176,0,0.0
'C869565327',176,176,0,0.0
'C1035681921',176,176,0,0.0
'C948004275',176,176,0,0.0
'C759167881',176,176,0,0.0
'C1536083561',176,176,0,0.0
'C1314685160',176,176,0,0.0
'C334817037',176,176,0,0.0
'C326482046',176,176,0,0.0
'C1730375460',176,176,0,0.0
'C236999052',176,176,0,0.0
'C1711634686',176,176,0,0.0
'C296630818',176,176,0,0.0
'C1959067413',176,176,0,0.0
'C1760986787',176,176,0,0.0
'C1426420214',176,176,0,0.0
'C696052681',176,176,0,0.0
'C1580025618',176,176,0,0.0
'C2038979642',176,176,0,0.0
'C381250974',176,176,0,0.0
'C1920284556',176,176,0,0.0
'C1089903335',176,176,0,0.0
'C19820082',176,176,0,0.0
'C966984015',176,176,0,0.0
'C862267590',176,176,0,0.0
'C1803364571',176,176,0,0.0
'C2086664398',176,176,0,0.0
'C1731249040',176,176,0,0.0
'C560376591',176,176,0,0.0
'C1967337226',176,176,0,0.0
'C1234264195',176,176,0,0.0
'C1027777422',176,176,0,0.0
'C1611113200',176,176,0,0.0
'C1847111025',176,176,0,0.0
'C1557448880',176,176,0,0.0
'C707326919',176,176,0,0.0
'C354098761',176,176,0,0.0
'C1355273346',176,176,0,0.0
'C1524407626',176,176,0,0.0
'C47376492',176,176,0,0.0
'C747175090',176,176,0,0.0
'C572958608',176,176,0,0.0
'C1436301390',176,176,0,0.0
'C1127983201',176,176,0,0.0
'C1625937550',176,176,0,0.0
'C229592862',176,176,0,0.0
'C1040272582',176,176,0,0.0
'C1719535099',176,176,0,0.0
'C1830714840',176,176,0,0.0
'C1877766749',176,176,0,0.0
'C1204046804',176,176,0,0.0
'C96508773',176,176,0,0.0
'C1187799344',176,176,0,0.0
'C775533998',176,176,0,0.0
'C1192874833',176,176,0,0.0
'C607479057',176,176,0,0.0
'C311783581',176,176,0,0.0
'C423891632',176,176,0,0.0
'C1122213892',176,176,0,0.0
'C1950237952',176,176,0,0.0
'C814079066',176,176,0,0.0
'C590614528',176,176,0,0.0
'C1591612680',176,176,0,0.0
'C15276068',176,176,0,0.0
'C153258882',176,176,0,0.0
'C1520545421',176,176,0,0.0
'C2120633706',176,176,0,0.0
'C891364505',176,176,0,0.0
'C919751066',176,176,0,0.0
'C196888452',176,176,0,0.0
'C1236503001',176,176,0,0.0
'C1349106433',176,176,0,0.0
'C1151051721',176,176,0,0.0
'C1906860092',176,176,0,0.0
'C1078596280',176,176,0,0.0
'C798268011',176,176,0,0.0
'C907777350',176,176,0,0.0
'C285545076',176,176,0,0.0
'C1587738251',176,176,0,0.0
'C2085650948',176,176,0,0.0
'C362857866',176,176,0,0.0
'C476466255',176,176,0,0.0
'C2103685620',176,176,0,0.0
'C810569063',176,176,0,0.0
'C851871528',176,176,0,0.0
'C1929968596',176,176,0,0.0
'C492776916',176,176,0,0.0
'C1350082938',176,176,0,0.0
'C1348957967',176,176,0,0.0
'C404536294',176,176,0,0.0
'C1497895052',176,176,0,0.0
'C506003529',176,176,0,0.0
'C1718974481',176,176,0,0.0
'C592679392',176,176,0,0.0
'C17132509',176,176,0,0.0
'C1169771418',176,176,0,0.0
'C518028573',176,176,0,0.0
'C766494418',176,176,0,0.0
'C1101213728',176,176,0,0.0
'C605904636',176,176,0,0.0
'C1838285576',176,176,0,0.0
'C380911997',176,176,0,0.0
'C764092576',176,176,0,0.0
'C100992504',176,176,0,0.0
'C1422393615',176,176,0,0.0
'C126603077',176,176,0,0.0
'C1825950751',176,176,0,0.0
'C1557448113',176,176,0,0.0
'C1418322275',176,176,0,0.0
'C1394931354',176,176,0,0.0
'C823379702',176,176,0,0.0
'C1559339990',176,176,0,0.0
'C1268275182',176,176,0,0.0
'C753013685',176,176,0,0.0
'C1476101537',176,176,0,0.0
'C1136859577',176,176,0,0.0
'C1030975170',176,176,0,0.0
'C897883896',176,176,0,0.0
'C167330970',176,176,0,0.0
'C813472343',176,176,0,0.0
'C109947606',176,176,0,0.0
'C131200254',176,176,0,0.0
'C1457086535',176,176,0,0.0
'C820456300',176,176,0,0.0
'C1251749294',176,176,0,0.0
'C1483054025',176,176,0,0.0
'C1637529334',176,176,0,0.0
'C1315400589',175,175,0,0.0
'C1582366224',175,175,0,0.0
'C337109624',175,175,0,0.0
'C51444479',175,175,0,0.0
'C156162339',175,175,0,0.0
'C118437987',175,175,0,0.0
'C603564532',175,175,0,0.0
'C1547534233',175,175,0,0.0
'C994739890',175,175,0,0.0
'C1316262830',175,175,0,0.0
'C897057254',175,175,0,0.0
'C72452640',175,175,0,0.0
'C1963617384',175,175,0,0.0
'C131296547',175,175,0,0.0
'C1952109278',175,175,0,0.0
'C1452354279',175,175,0,0.0
'C742784538',175,175,0,0.0
'C1200227736',175,175,0,0.0
'C563130428',175,175,0,0.0
'C635222317',175,175,0,0.0
'C1259760240',175,175,0,0.0
'C310751417',175,175,0,0.0
'C320437746',175,175,0,0.0
'C46234453',175,175,0,0.0
'C394979408',175,175,0,0.0
'C1983995504',175,175,0,0.0
'C1624351292',175,175,0,0.0
'C2119675022',175,175,0,0.0
'C1642689499',175,175,0,0.0
'C12284077',175,175,0,0.0
'C1501782229',175,175,0,0.0
'C1505467955',175,175,0,0.0
'C1402381285',175,175,0,0.0
'C1869142879',175,175,0,0.0
'C1368070837',175,175,0,0.0
'C718962269',175,175,0,0.0
'C1806072501',175,175,0,0.0
'C795132749',175,175,0,0.0
'C236847402',175,175,0,0.0
'C2144163136',175,175,0,0.0
'C778028540',175,175,0,0.0
'C662948645',175,175,0,0.0
'C936786093',175,175,0,0.0
'C1306889886',175,175,0,0.0
'C1814746822',175,175,0,0.0
'C958780730',175,175,0,0.0
'C978276840',175,175,0,0.0
'C171498975',175,175,0,0.0
'C585317135',175,175,0,0.0
'C582479974',175,175,0,0.0
'C531724764',175,175,0,0.0
'C510934446',175,175,0,0.0
'C1426091756',175,175,0,0.0
'C969635352',175,175,0,0.0
'C825969892',175,175,0,0.0
'C1780829982',175,175,0,0.0
'C1875710426',175,175,0,0.0
'C186769596',175,175,0,0.0
'C433139335',175,175,0,0.0
'C1236489588',175,175,0,0.0
'C469059843',175,175,0,0.0
'C689850593',175,175,0,0.0
'C876944738',175,175,0,0.0
'C155412783',175,175,0,0.0
'C1687722078',175,175,0,0.0
'C1690988973',175,175,0,0.0
'C1356412685',175,175,0,0.0
'C791154308',175,175,0,0.0
'C2002750382',175,175,0,0.0
'C16613795',175,175,0,0.0
'C1537824739',175,175,0,0.0
'C1362652272',175,175,0,0.0
'C607532274',175,175,0,0.0
'C107438779',175,175,0,0.0
'C1484585237',175,175,0,0.0
'C1337923906',175,175,0,0.0
'C380412694',175,175,0,0.0
'C1983511229',175,175,0,0.0
'C639558755',175,175,0,0.0
'C1128965136',175,175,0,0.0
'C1719485237',175,175,0,0.0
'C1645579872',175,175,0,0.0
'C1257820473',175,175,0,0.0
'C1669649966',175,175,0,0.0
'C1022153336',175,175,0,0.0
'C99729647',175,175,0,0.0
'C809708190',175,175,0,0.0
'C1739071229',175,175,0,0.0
'C250546729',175,175,0,0.0
'C2140000055',175,175,0,0.0
'C554819698',175,175,0,0.0
'C744245203',175,175,0,0.0
'C1965017830',175,175,0,0.0
'C1487874353',175,175,0,0.0
'C1938976805',175,175,0,0.0
'C1374336520',175,175,0,0.0
'C1574217480',175,175,0,0.0
'C913662681',175,175,0,0.0
'C3977999',175,175,0,0.0
'C1984017083',175,175,0,0.0
'C1948527523',175,175,0,0.0
'C1320066686',175,175,0,0.0
'C43587827',175,175,0,0.0
'C1554849332',175,175,0,0.0
'C356750222',175,175,0,0.0
'C1370556911',175,175,0,0.0
'C862633345',175,175,0,0.0
'C938819633',175,175,0,0.0
'C2005297705',175,175,0,0.0
'C1082462651',175,175,0,0.0
'C279066833',175,175,0,0.0
'C1932334304',175,175,0,0.0
'C821630606',175,175,0,0.0
'C1333537680',175,175,0,0.0
'C781096653',175,175,0,0.0
'C490238464',174,174,0,0.0
'C1591908890',174,174,0,0.0
'C588719767',174,174,0,0.0
'C1697851479',174,174,0,0.0
'C1488142454',174,174,0,0.0
'C1617276678',174,174,0,0.0
'C1305339250',174,174,0,0.0
'C1450354557',174,174,0,0.0
'C564600361',174,174,0,0.0
'C947010068',174,174,0,0.0
'C1025104996',174,174,0,0.0
'C1394428191',174,174,0,0.0
'C626836922',174,174,0,0.0
'C495652708',174,174,0,0.0
'C1951890364',174,174,0,0.0
'C1896250849',174,174,0,0.0
'C227186054',174,174,0,0.0
'C1701338775',174,174,0,0.0
'C529768403',174,174,0,0.0
'C1230747575',174,174,0,0.0
'C1807765388',174,174,0,0.0
'C1591441443',174,174,0,0.0
'C108266856',174,174,0,0.0
'C914285365',174,174,0,0.0
'C2110568911',174,174,0,0.0
'C755000520',174,174,0,0.0
'C2145933360',174,174,0,0.0
'C1688605578',174,174,0,0.0
'C1769401317',174,174,0,0.0
'C532118459',174,174,0,0.0
'C1419235351',174,174,0,0.0
'C125143024',174,174,0,0.0
'C164104645',174,174,0,0.0
'C1960297159',174,174,0,0.0
'C1970738826',174,174,0,0.0
'C817389751',174,174,0,0.0
'C1461774305',174,174,0,0.0
'C874212917',174,174,0,0.0
'C1072577677',174,174,0,0.0
'C24198147',174,174,0,0.0
'C1282114843',174,174,0,0.0
'C471003383',174,174,0,0.0
'C1167781928',174,174,0,0.0
'C1314533733',174,174,0,0.0
'C1474786056',174,174,0,0.0
'C1739998964',174,174,0,0.0
'C95715318',174,174,0,0.0
'C1629765833',174,174,0,0.0
'C2034859281',174,174,0,0.0
'C1869757503',174,174,0,0.0
'C1213002113',174,174,0,0.0
'C85945497',174,174,0,0.0
'C907665937',174,174,0,0.0
'C42779194',174,174,0,0.0
'C1870926183',174,174,0,0.0
'C1781924994',174,174,0,0.0
'C1467832188',174,174,0,0.0
'C69477057',174,174,0,0.0
'C1719044180',174,174,0,0.0
'C1913473991',174,174,0,0.0
'C2084933658',174,174,0,0.0
'C1148364854',174,174,0,0.0
'C1267365709',174,174,0,0.0
'C1200798307',174,174,0,0.0
'C259132706',174,174,0,0.0
'C2132909556',174,174,0,0.0
'C1141524074',174,174,0,0.0
'C1489836575',174,174,0,0.0
'C165037464',174,174,0,0.0
'C1376050027',174,174,0,0.0
'C486343841',174,174,0,0.0
'C1731163929',174,174,0,0.0
'C444370508',174,174,0,0.0
'C1182534509',174,174,0,0.0
'C1682236855',174,174,0,0.0
'C336519851',174,174,0,0.0
'C1279668658',174,174,0,0.0
'C949116847',174,174,0,0.0
'C1123627503',174,174,0,0.0
'C1641076533',174,174,0,0.0
'C1934785516',174,174,0,0.0
'C861002792',174,174,0,0.0
'C92282564',174,174,0,0.0
'C1647801193',174,174,0,0.0
'C1663641926',174,174,0,0.0
'C6094907',174,174,0,0.0
'C1232523772',174,174,0,0.0
'C210584188',174,174,0,0.0
'C1603928569',174,174,0,0.0
'C1435256152',174,174,0,0.0
'C1161927918',174,174,0,0.0
'C309334921',174,174,0,0.0
'C793890087',174,174,0,0.0
'C1361037703',174,174,0,0.0
'C967109509',174,174,0,0.0
'C26438018',174,174,0,0.0
'C1761085759',174,174,0,0.0
'C808326652',174,174,0,0.0
'C1750835738',174,174,0,0.0
'C1704116821',174,174,0,0.0
'C1516006997',174,174,0,0.0
'C1783773775',174,174,0,0.0
'C1082608644',174,174,0,0.0
'C436675850',174,174,0,0.0
'C1853381059',174,174,0,0.0
'C1287167517',174,174,0,0.0
'C566987196',174,174,0,0.0
'C1509718305',174,174,0,0.0
'C2137070408',174,174,0,0.0
'C366601563',174,174,0,0.0
'C1648082819',174,174,0,0.0
'C255292461',174,174,0,0.0
'C403631555',174,174,0,0.0
'C856303631',174,174,0,0.0
'C1546820736',174,174,0,0.0
'C1186953291',174,174,0,0.0
'C423379854',174,174,0,0.0
'C1196915447',174,174,0,0.0
'C1963249369',174,174,0,0.0
'C199512926',174,174,0,0.0
'C978637475',174,174,0,0.0
'C22162402',174,174,0,0.0
'C1723688663',174,174,0,0.0
'C71938921',174,174,0,0.0
'C1592390864',174,174,0,0.0
'C1102156492',174,174,0,0.0
'C1723242462',174,174,0,0.0
'C1338727022',174,174,0,0.0
'C1960639712',174,174,0,0.0
'C380564257',174,174,0,0.0
'C1295945354',174,174,0,0.0
'C1327124397',174,174,0,0.0
'C682814633',174,174,0,0.0
'C1055164842',174,174,0,0.0
'C1408489165',174,174,0,0.0
'C1646244537',174,174,0,0.0
'C2095938989',174,174,0,0.0
'C399389739',174,174,0,0.0
'C979437396',174,174,0,0.0
'C202531238',173,173,0,0.0
'C1695454092',173,173,0,0.0
'C1180570487',173,173,0,0.0
'C1738944491',173,173,0,0.0
'C1568358546',173,173,0,0.0
'C1385780363',173,173,0,0.0
'C357634845',173,173,0,0.0
'C982406682',173,173,0,0.0
'C1803181641',173,173,0,0.0
'C170769685',173,173,0,0.0
'C1514973352',173,173,0,0.0
'C1060470494',173,173,0,0.0
'C1053477622',173,173,0,0.0
'C1991820533',173,173,0,0.0
'C1350793893',173,173,0,0.0
'C106333716',173,173,0,0.0
'C1525483242',173,173,0,0.0
'C1457264318',173,173,0,0.0
'C1643499361',173,173,0,0.0
'C1905402681',173,173,0,0.0
'C1102464953',173,173,0,0.0
'C1767072624',173,173,0,0.0
'C845102514',173,173,0,0.0
'C955592184',173,173,0,0.0
'C1395098424',173,173,0,0.0
'C1067134113',173,173,0,0.0
'C401828466',173,173,0,0.0
'C1396904959',173,173,0,0.0
'C50049566',173,173,0,0.0
'C1187702596',173,173,0,0.0
'C23569509',173,173,0,0.0
'C1225704566',173,173,0,0.0
'C1885719603',173,173,0,0.0
'C1154612561',173,173,0,0.0
'C228023479',173,173,0,0.0
'C935791733',173,173,0,0.0
'C334841918',173,173,0,0.0
'C248927068',173,173,0,0.0
'C927696302',173,173,0,0.0
'C451582208',173,173,0,0.0
'C49915499',173,173,0,0.0
'C214836772',173,173,0,0.0
'C1280960686',173,173,0,0.0
'C634714812',173,173,0,0.0
'C1885919902',173,173,0,0.0
'C1918935856',173,173,0,0.0
'C408690006',173,173,0,0.0
'C1864289868',173,173,0,0.0
'C927282395',173,173,0,0.0
'C1189752912',173,173,0,0.0
'C1214780453',173,173,0,0.0
'C268686998',173,173,0,0.0
'C851731350',173,173,0,0.0
'C1150646122',173,173,0,0.0
'C2128589842',173,173,0,0.0
'C815064001',173,173,0,0.0
'C707845856',173,173,0,0.0
'C289617636',173,173,0,0.0
'C2081591507',173,173,0,0.0
'C1483007108',173,173,0,0.0
'C1556425826',173,173,0,0.0
'C1367987964',173,173,0,0.0
'C33256704',173,173,0,0.0
'C1700873233',173,173,0,0.0
'C1100510913',173,173,0,0.0
'C2070935783',173,173,0,0.0
'C344209010',173,173,0,0.0
'C334073161',173,173,0,0.0
'C1557689947',173,173,0,0.0
'C1686676187',173,173,0,0.0
'C1777432937',173,173,0,0.0
'C1209743372',173,173,0,0.0
'C875898611',173,173,0,0.0
'C1389311354',173,173,0,0.0
'C2145448250',173,173,0,0.0
'C672794326',173,173,0,0.0
'C2014438912',173,173,0,0.0
'C2054233026',173,173,0,0.0
'C188991095',173,173,0,0.0
'C2015203999',173,173,0,0.0
'C598089944',173,173,0,0.0
'C712367267',173,173,0,0.0
'C760223382',173,173,0,0.0
'C503433561',173,173,0,0.0
'C98091448',173,173,0,0.0
'C185820405',173,173,0,0.0
'C653252303',173,173,0,0.0
'C2140473917',173,173,0,0.0
'C885283469',173,173,0,0.0
'C2136553361',173,173,0,0.0
'C893284971',173,173,0,0.0
'C657290155',173,173,0,0.0
'C1414112698',173,173,0,0.0
'C2007043031',173,173,0,0.0
'C1354206365',173,173,0,0.0
'C1439299369',173,173,0,0.0
'C1660830591',173,173,0,0.0
'C129566217',173,173,0,0.0
'C104392148',173,173,0,0.0
'C968819483',173,173,0,0.0
'C1635345159',173,173,0,0.0
'C2001133685',173,173,0,0.0
'C896561469',173,173,0,0.0
'C1557540123',173,173,0,0.0
'C761166755',173,173,0,0.0
'C322802193',173,173,0,0.0
'C775363285',173,173,0,0.0
'C1757210259',173,173,0,0.0
'C1549367339',173,173,0,0.0
'C1959541246',173,173,0,0.0
'C1799010144',173,173,0,0.0
'C1095241409',173,173,0,0.0
'C1642592478',173,173,0,0.0
'C1050663079',173,173,0,0.0
'C1707421914',173,173,0,0.0
'C1224153830',173,173,0,0.0
'C1965115675',173,173,0,0.0
'C1474428806',173,173,0,0.0
'C819690995',172,172,0,0.0
'C1273110804',172,172,0,0.0
'C1255236689',172,172,0,0.0
'C83086349',172,172,0,0.0
'C650108285',172,172,0,0.0
'C2081956948',172,172,0,0.0
'C288684762',172,172,0,0.0
'C2043927860',172,172,0,0.0
'C409331076',172,172,0,0.0
'C1423644375',172,172,0,0.0
'C1818841328',172,172,0,0.0
'C747590731',172,172,0,0.0
'C1778762788',172,172,0,0.0
'C2126019044',172,172,0,0.0
'C873821675',172,172,0,0.0
'C1439470393',172,172,0,0.0
'C1095604325',172,172,0,0.0
'C1435043122',172,172,0,0.0
'C1939349733',172,172,0,0.0
'C1656440641',172,172,0,0.0
'C475340225',172,172,0,0.0
'C1799527037',172,172,0,0.0
'C1962407385',172,172,0,0.0
'C1975714155',172,172,0,0.0
'C801383032',172,172,0,0.0
'C869954068',172,172,0,0.0
'C1899748276',172,172,0,0.0
'C1911281701',172,172,0,0.0
'C416536713',172,172,0,0.0
'C78938440',172,172,0,0.0
'C1926972512',172,172,0,0.0
'C659009992',172,172,0,0.0
'C432013067',172,172,0,0.0
'C1777674460',172,172,0,0.0
'C1761432742',172,172,0,0.0
'C1580955370',172,172,0,0.0
'C632176173',172,172,0,0.0
'C938915039',172,172,0,0.0
'C567897093',172,172,0,0.0
'C2044183803',172,172,0,0.0
'C260437492',172,172,0,0.0
'C1552608695',172,172,0,0.0
'C2046797625',172,172,0,0.0
'C597908249',172,172,0,0.0
'C2055186059',172,172,0,0.0
'C786249459',172,172,0,0.0
'C1634901253',172,172,0,0.0
'C539791425',172,172,0,0.0
'C962248715',172,172,0,0.0
'C1921248691',172,172,0,0.0
'C351252839',172,172,0,0.0
'C1943367280',172,172,0,0.0
'C1474976180',172,172,0,0.0
'C332611573',172,172,0,0.0
'C1554037473',172,172,0,0.0
'C779872024',172,172,0,0.0
'C905744010',172,172,0,0.0
'C252172114',172,172,0,0.0
'C1134994937',172,172,0,0.0
'C1870640785',172,172,0,0.0
'C1729776721',172,172,0,0.0
'C1650590141',172,172,0,0.0
'C1657707912',172,172,0,0.0
'C823678601',172,172,0,0.0
'C1750373007',172,172,0,0.0
'C1100276718',172,172,0,0.0
'C1067734462',172,172,0,0.0
'C824784700',172,172,0,0.0
'C154191546',172,172,0,0.0
'C1048588440',172,172,0,0.0
'C1204740969',172,172,0,0.0
'C2101882723',172,172,0,0.0
'C497088099',172,172,0,0.0
'C1029994689',172,172,0,0.0
'C2121874810',172,172,0,0.0
'C471166875',172,172,0,0.0
'C1209838312',172,172,0,0.0
'C1258211852',172,172,0,0.0
'C909525375',172,172,0,0.0
'C132392875',172,172,0,0.0
'C609452246',172,172,0,0.0
'C1146143839',172,172,0,0.0
'C1852091130',172,172,0,0.0
'C755108533',172,172,0,0.0
'C519449235',172,172,0,0.0
'C2011457912',172,172,0,0.0
'C901400531',172,172,0,0.0
'C1365609574',172,172,0,0.0
'C1118932469',172,172,0,0.0
'C1809104609',172,172,0,0.0
'C1370192017',172,172,0,0.0
'C2136169439',172,172,0,0.0
'C1711218892',172,172,0,0.0
'C2070997908',172,172,0,0.0
'C1659350842',172,172,0,0.0
'C232369406',172,172,0,0.0
'C1226947303',172,172,0,0.0
'C1262879702',172,172,0,0.0
'C1021409246',172,172,0,0.0
'C2089485741',172,172,0,0.0
'C432449092',172,172,0,0.0
'C1491844959',172,172,0,0.0
'C1156188729',172,172,0,0.0
'C1977058282',172,172,0,0.0
'C1476138873',172,172,0,0.0
'C892377311',172,172,0,0.0
'C886993530',172,172,0,0.0
'C1783127345',172,172,0,0.0
'C1105086283',172,172,0,0.0
'C174977934',172,172,0,0.0
'C1267444276',172,172,0,0.0
'C364635096',172,172,0,0.0
'C1975392482',172,172,0,0.0
'C1297995542',172,172,0,0.0
'C257361511',172,172,0,0.0
'C980475207',172,172,0,0.0
'C1718279923',172,172,0,0.0
'C489708690',172,172,0,0.0
'C1629693561',172,172,0,0.0
'C1605127736',172,172,0,0.0
'C615155713',172,172,0,0.0
'C872112161',172,172,0,0.0
'C99215049',172,172,0,0.0
'C1901064095',172,172,0,0.0
'C668875156',172,172,0,0.0
'C1840158336',172,172,0,0.0
'C435637901',172,172,0,0.0
'C572671067',172,172,0,0.0
'C1088768738',172,172,0,0.0
'C235542568',172,172,0,0.0
'C1846080029',172,172,0,0.0
'C1010865894',172,172,0,0.0
'C855978131',172,172,0,0.0
'C1215468370',172,172,0,0.0
'C1667002698',172,172,0,0.0
'C1780201239',172,172,0,0.0
'C1760612790',171,171,0,0.0
'C1331907286',171,171,0,0.0
'C168310052',171,171,0,0.0
'C1087788850',171,171,0,0.0
'C384665757',171,171,0,0.0
'C1403689550',171,171,0,0.0
'C1463833315',171,171,0,0.0
'C1935421495',171,171,0,0.0
'C741680636',171,171,0,0.0
'C1522289895',171,171,0,0.0
'C1915603015',171,171,0,0.0
'C954150626',171,171,0,0.0
'C2127479268',171,171,0,0.0
'C74848504',171,171,0,0.0
'C1807567788',171,171,0,0.0
'C448612141',171,171,0,0.0
'C1108967401',171,171,0,0.0
'C1944210063',171,171,0,0.0
'C126488680',171,171,0,0.0
'C1104044396',171,171,0,0.0
'C1197304790',171,171,0,0.0
'C69317479',171,171,0,0.0
'C861479162',171,171,0,0.0
'C1627004719',171,171,0,0.0
'C58324694',171,171,0,0.0
'C205797331',171,171,0,0.0
'C1643168823',171,171,0,0.0
'C1293338142',171,171,0,0.0
'C440111595',171,171,0,0.0
'C1011693897',171,171,0,0.0
'C1486961552',171,171,0,0.0
'C563092648',171,171,0,0.0
'C848293063',171,171,0,0.0
'C339931011',171,171,0,0.0
'C846682077',171,171,0,0.0
'C1340398290',171,171,0,0.0
'C1812935919',171,171,0,0.0
'C71763178',171,171,0,0.0
'C1228157206',171,171,0,0.0
'C942160317',171,171,0,0.0
'C1135867657',171,171,0,0.0
'C1539370210',171,171,0,0.0
'C1689884214',171,171,0,0.0
'C698318224',171,171,0,0.0
'C1577104524',171,171,0,0.0
'C1303226190',171,171,0,0.0
'C26746445',171,171,0,0.0
'C1047521541',171,171,0,0.0
'C87462443',171,171,0,0.0
'C834739424',171,171,0,0.0
'C240900578',171,171,0,0.0
'C928479694',171,171,0,0.0
'C1121327223',171,171,0,0.0
'C652253057',171,171,0,0.0
'C1440310601',171,171,0,0.0
'C606355103',171,171,0,0.0
'C1909173090',171,171,0,0.0
'C1968779147',171,171,0,0.0
'C781322360',171,171,0,0.0
'C620542168',171,171,0,0.0
'C231044523',171,171,0,0.0
'C317314063',171,171,0,0.0
'C1343106500',171,171,0,0.0
'C1585648581',171,171,0,0.0
'C377517197',171,171,0,0.0
'C1039035065',171,171,0,0.0
'C278676105',171,171,0,0.0
'C585299069',171,171,0,0.0
'C454239699',171,171,0,0.0
'C1694165271',171,171,0,0.0
'C457497998',171,171,0,0.0
'C377075708',171,171,0,0.0
'C206142588',171,171,0,0.0
'C193297871',171,171,0,0.0
'C1613579866',171,171,0,0.0
'C1615801620',171,171,0,0.0
'C1114643543',171,171,0,0.0
'C1490416909',171,171,0,0.0
'C1095821033',171,171,0,0.0
'C656075868',171,171,0,0.0
'C1261640227',171,171,0,0.0
'C2125297333',171,171,0,0.0
'C1703648667',171,171,0,0.0
'C287533643',171,171,0,0.0
'C466769207',171,171,0,0.0
'C1512353179',171,171,0,0.0
'C54876469',171,171,0,0.0
'C398651508',171,171,0,0.0
'C2088008854',171,171,0,0.0
'C785603838',171,171,0,0.0
'C2091703695',171,171,0,0.0
'C874725016',171,171,0,0.0
'C1035581047',171,171,0,0.0
'C383264569',171,171,0,0.0
'C1139909458',171,171,0,0.0
'C647089636',171,171,0,0.0
'C859276623',171,171,0,0.0
'C1992803690',171,171,0,0.0
'C1943207086',171,171,0,0.0
'C815186263',171,171,0,0.0
'C1948728559',171,171,0,0.0
'C347987512',171,171,0,0.0
'C1610742916',171,171,0,0.0
'C291671443',171,171,0,0.0
'C1705819997',171,171,0,0.0
'C784613823',171,171,0,0.0
'C1790520611',171,171,0,0.0
'C1010589026',171,171,0,0.0
'C835705223',171,171,0,0.0
'C1954706477',171,171,0,0.0
'C1675884425',171,171,0,0.0
'C1254696728',171,171,0,0.0
'C864602023',171,171,0,0.0
'C1798103026',171,171,0,0.0
'C1199849921',171,171,0,0.0
'C480975116',171,171,0,0.0
'C1174416804',171,171,0,0.0
'C1451561221',171,171,0,0.0
'C1911293580',171,171,0,0.0
'C1599273075',171,171,0,0.0
'C1429394820',171,171,0,0.0
'C1149179033',171,171,0,0.0
'C1290093162',171,171,0,0.0
'C2117938225',171,171,0,0.0
'C1897705669',170,170,0,0.0
'C60351691',170,170,0,0.0
'C545248492',170,170,0,0.0
'C120661238',170,170,0,0.0
'C1482560016',170,170,0,0.0
'C2041218422',170,170,0,0.0
'C413843100',170,170,0,0.0
'C75274383',170,170,0,0.0
'C526635102',170,170,0,0.0
'C1468082478',170,170,0,0.0
'C1437990673',170,170,0,0.0
'C1465698425',170,170,0,0.0
'C1637357651',170,170,0,0.0
'C1658315324',170,170,0,0.0
'C757950779',170,170,0,0.0
'C1378412230',170,170,0,0.0
'C1918953803',170,170,0,0.0
'C1080719046',170,170,0,0.0
'C1689083890',170,170,0,0.0
'C74457300',170,170,0,0.0
'C1303935849',170,170,0,0.0
'C96407618',170,170,0,0.0
'C1783610571',170,170,0,0.0
'C1342037956',170,170,0,0.0
'C1256908044',170,170,0,0.0
'C170484334',170,170,0,0.0
'C1512444326',170,170,0,0.0
'C1560893361',170,170,0,0.0
'C1035666255',170,170,0,0.0
'C700940580',170,170,0,0.0
'C419087520',170,170,0,0.0
'C1878500339',170,170,0,0.0
'C1646298550',170,170,0,0.0
'C582173326',170,170,0,0.0
'C1591152121',170,170,0,0.0
'C1987985724',170,170,0,0.0
'C846609537',170,170,0,0.0
'C17166563',170,170,0,0.0
'C393339341',170,170,0,0.0
'C827822455',170,170,0,0.0
'C709211172',170,170,0,0.0
'C1977634536',170,170,0,0.0
'C551080865',170,170,0,0.0
'C2112631749',170,170,0,0.0
'C1018388493',170,170,0,0.0
'C1743392358',170,170,0,0.0
'C1303555047',170,170,0,0.0
'C78230690',170,170,0,0.0
'C1267913176',170,170,0,0.0
'C1903765775',170,170,0,0.0
'C85676975',170,170,0,0.0
'C157427068',170,170,0,0.0
'C1289081546',170,170,0,0.0
'C446298173',170,170,0,0.0
'C203802515',170,170,0,0.0
'C816519533',170,170,0,0.0
'C1901383731',170,170,0,0.0
'C855082400',170,170,0,0.0
'C1744581762',170,170,0,0.0
'C1530157952',170,170,0,0.0
'C1165454845',170,170,0,0.0
'C1971153898',170,170,0,0.0
'C270217031',170,170,0,0.0
'C1284515419',170,170,0,0.0
'C1166683343',170,170,0,0.0
'C366069783',170,170,0,0.0
'C2031167542',170,170,0,0.0
'C1177396126',170,170,0,0.0
'C107125195',170,170,0,0.0
'C1431806998',170,170,0,0.0
'C2016997607',170,170,0,0.0
'C262404738',170,170,0,0.0
'C1885091211',170,170,0,0.0
'C411880353',170,170,0,0.0
'C16680464',170,170,0,0.0
'C638223659',170,170,0,0.0
'C28023491',170,170,0,0.0
'C1956971543',170,170,0,0.0
'C1400397779',170,170,0,0.0
'C2001183195',170,170,0,0.0
'C791033780',170,170,0,0.0
'C1499092508',170,170,0,0.0
'C304677660',170,170,0,0.0
'C1927223566',170,170,0,0.0
'C1702404555',170,170,0,0.0
'C950325755',170,170,0,0.0
'C1565058518',170,170,0,0.0
'C418638324',170,170,0,0.0
'C20274793',170,170,0,0.0
'C1424007721',170,170,0,0.0
'C545840720',170,170,0,0.0
'C359628860',170,170,0,0.0
'C1373640509',170,170,0,0.0
'C472989518',170,170,0,0.0
'C1612798177',170,170,0,0.0
'C1123042802',170,170,0,0.0
'C1952969809',170,170,0,0.0
'C1980965530',170,170,0,0.0
'C939735585',170,170,0,0.0
'C703418892',170,170,0,0.0
'C1058652489',170,170,0,0.0
'C1396527012',170,170,0,0.0
'C708968659',170,170,0,0.0
'C433355159',170,170,0,0.0
'C1137292670',170,170,0,0.0
'C746604092',170,170,0,0.0
'C1258725927',170,170,0,0.0
'C763681944',170,170,0,0.0
'C627811000',170,170,0,0.0
'C1807970113',170,170,0,0.0
'C817774765',170,170,0,0.0
'C652001804',170,170,0,0.0
'C1316160034',170,170,0,0.0
'C1572595935',170,170,0,0.0
'C1433843082',170,170,0,0.0
'C1009080922',170,170,0,0.0
'C893911190',170,170,0,0.0
'C1226558289',170,170,0,0.0
'C1913044357',170,170,0,0.0
'C1551083784',170,170,0,0.0
'C247537602',170,170,0,0.0
'C1275053057',170,170,0,0.0
'C352968107',169,169,0,0.0
'C1865204568',169,169,0,0.0
'C574062699',169,169,0,0.0
'C487569403',169,169,0,0.0
'C1769470125',169,169,0,0.0
'C1619755203',169,169,0,0.0
'C1499019507',169,169,0,0.0
'C439601438',169,169,0,0.0
'C1313060996',169,169,0,0.0
'C1091966081',169,169,0,0.0
'C2035341190',169,169,0,0.0
'C1419246450',169,169,0,0.0
'C2132111174',169,169,0,0.0
'C991774315',169,169,0,0.0
'C720418898',169,169,0,0.0
'C1710930627',169,169,0,0.0
'C386205251',169,169,0,0.0
'C1687751654',169,169,0,0.0
'C1057285507',169,169,0,0.0
'C1600642825',169,169,0,0.0
'C1936855292',169,169,0,0.0
'C679458582',169,169,0,0.0
'C1658591237',169,169,0,0.0
'C1341517098',169,169,0,0.0
'C956898918',169,169,0,0.0
'C286547187',169,169,0,0.0
'C26045684',169,169,0,0.0
'C1741615821',169,169,0,0.0
'C168191673',169,169,0,0.0
'C1449000407',169,169,0,0.0
'C607521473',169,169,0,0.0
'C1837295173',169,169,0,0.0
'C1368438034',169,169,0,0.0
'C437836513',169,169,0,0.0
'C1844076143',169,169,0,0.0
'C1904416498',169,169,0,0.0
'C249473604',169,169,0,0.0
'C1412753123',169,169,0,0.0
'C297745197',169,169,0,0.0
'C1209651258',169,169,0,0.0
'C706757729',169,169,0,0.0
'C1517749848',169,169,0,0.0
'C790395954',169,169,0,0.0
'C1590346257',169,169,0,0.0
'C1745468920',169,169,0,0.0
'C249282739',169,169,0,0.0
'C1646349423',169,169,0,0.0
'C109617474',169,169,0,0.0
'C724380392',169,169,0,0.0
'C975044667',169,169,0,0.0
'C2116616608',169,169,0,0.0
'C1941160297',169,169,0,0.0
'C1126297464',169,169,0,0.0
'C830856919',169,169,0,0.0
'C229665572',169,169,0,0.0
'C868096672',169,169,0,0.0
'C1200336063',169,169,0,0.0
'C1968624098',169,169,0,0.0
'C1545484501',169,169,0,0.0
'C88292631',169,169,0,0.0
'C1600873622',169,169,0,0.0
'C2053277267',169,169,0,0.0
'C129386345',169,169,0,0.0
'C1598762673',169,169,0,0.0
'C181111540',169,169,0,0.0
'C458379262',169,169,0,0.0
'C759915530',169,169,0,0.0
'C1457388461',169,169,0,0.0
'C983659750',169,169,0,0.0
'C1471216995',169,169,0,0.0
'C1238185596',169,169,0,0.0
'C956794113',169,169,0,0.0
'C1954474578',169,169,0,0.0
'C698358493',169,169,0,0.0
'C899204870',169,169,0,0.0
'C1734585073',169,169,0,0.0
'C1450562088',169,169,0,0.0
'C481253497',169,169,0,0.0
'C197798791',169,169,0,0.0
'C1303695653',169,169,0,0.0
'C901025251',169,169,0,0.0
'C1944646841',169,169,0,0.0
'C1881708420',169,169,0,0.0
'C1212956427',169,169,0,0.0
'C1553941793',169,169,0,0.0
'C265405940',169,169,0,0.0
'C1158646143',169,169,0,0.0
'C825744832',169,169,0,0.0
'C140234280',169,169,0,0.0
'C194859196',169,169,0,0.0
'C1191796691',169,169,0,0.0
'C10263180',169,169,0,0.0
'C808977147',169,169,0,0.0
'C947156375',169,169,0,0.0
'C1312448128',169,169,0,0.0
'C775739646',169,169,0,0.0
'C346693029',169,169,0,0.0
'C546000387',169,169,0,0.0
'C1648683269',169,169,0,0.0
'C1791903269',169,169,0,0.0
'C1006176917',169,169,0,0.0
'C886146370',169,169,0,0.0
'C1156672988',169,169,0,0.0
'C656031620',169,169,0,0.0
'C703281362',169,169,0,0.0
'C854479209',169,169,0,0.0
'C896894357',169,169,0,0.0
'C1221114448',169,169,0,0.0
'C1140073765',169,169,0,0.0
'C694574500',169,169,0,0.0
'C1857873865',169,169,0,0.0
'C1952937534',169,169,0,0.0
'C302774270',169,169,0,0.0
'C1591587046',169,169,0,0.0
'C1255231772',169,169,0,0.0
'C1240746302',169,169,0,0.0
'C1089789227',169,169,0,0.0
'C1811749392',169,169,0,0.0
'C1736027541',169,169,0,0.0
'C146553626',169,169,0,0.0
'C1621026927',169,169,0,0.0
'C1861613802',169,169,0,0.0
'C1689772812',169,169,0,0.0
'C1259046770',169,169,0,0.0
'C1242643189',169,169,0,0.0
'C608407663',169,169,0,0.0
'C900612785',169,169,0,0.0
'C10105795',169,169,0,0.0
'C1580559195',169,169,0,0.0
'C1761250553',169,169,0,0.0
'C1207205377',168,168,0,0.0
'C490092965',168,168,0,0.0
'C1635613216',168,168,0,0.0
'C1697528836',168,168,0,0.0
'C1038996959',168,168,0,0.0
'C2126436338',168,168,0,0.0
'C1879341237',168,168,0,0.0
'C2072009750',168,168,0,0.0
'C400803731',168,168,0,0.0
'C276142295',168,168,0,0.0
'C2029028090',168,168,0,0.0
'C677561666',168,168,0,0.0
'C1711699171',168,168,0,0.0
'C1723897078',168,168,0,0.0
'C1161671147',168,168,0,0.0
'C1988025089',168,168,0,0.0
'C1635987808',168,168,0,0.0
'C752270622',168,168,0,0.0
'C33469777',168,168,0,0.0
'C1731135780',168,168,0,0.0
'C356873706',168,168,0,0.0
'C385721880',168,168,0,0.0
'C245908628',168,168,0,0.0
'C1416816772',168,168,0,0.0
'C1279143519',168,168,0,0.0
'C798889135',168,168,0,0.0
'C1292770722',168,168,0,0.0
'C1873506157',168,168,0,0.0
'C1532144144',168,168,0,0.0
'C1143300850',168,168,0,0.0
'C1415571957',168,168,0,0.0
'C371812005',168,168,0,0.0
'C360019679',168,168,0,0.0
'C1612748385',168,168,0,0.0
'C47652503',168,168,0,0.0
'C885555910',168,168,0,0.0
'C1546864044',168,168,0,0.0
'C1969942970',168,168,0,0.0
'C53785803',168,168,0,0.0
'C295271306',168,168,0,0.0
'C1434853621',168,168,0,0.0
'C1701618194',168,168,0,0.0
'C255101565',168,168,0,0.0
'C1838681949',168,168,0,0.0
'C1236509536',168,168,0,0.0
'C1484573422',168,168,0,0.0
'C1051682954',168,168,0,0.0
'C1153943594',168,168,0,0.0
'C525158878',168,168,0,0.0
'C1743327214',168,168,0,0.0
'C1263107170',168,168,0,0.0
'C1087943403',168,168,0,0.0
'C1801015376',168,168,0,0.0
'C333991833',168,168,0,0.0
'C1297358265',168,168,0,0.0
'C993553940',168,168,0,0.0
'C1258953485',168,168,0,0.0
'C318717540',168,168,0,0.0
'C1857263556',168,168,0,0.0
'C1918064652',168,168,0,0.0
'C1575842015',168,168,0,0.0
'C1082732879',168,168,0,0.0
'C1467497219',168,168,0,0.0
'C521436442',168,168,0,0.0
'C56690195',168,168,0,0.0
'C1465725042',168,168,0,0.0
'C1834864466',168,168,0,0.0
'C339181872',168,168,0,0.0
'C1295444668',168,168,0,0.0
'C1602614455',168,168,0,0.0
'C839839520',168,168,0,0.0
'C353502635',168,168,0,0.0
'C2000956624',168,168,0,0.0
'C2104923127',168,168,0,0.0
'C16891369',168,168,0,0.0
'C684153556',168,168,0,0.0
'C1176114065',168,168,0,0.0
'C1214587699',168,168,0,0.0
'C851156881',168,168,0,0.0
'C2106115023',168,168,0,0.0
'C332239974',168,168,0,0.0
'C1767734624',168,168,0,0.0
'C1973818754',168,168,0,0.0
'C660690290',168,168,0,0.0
'C301483725',168,168,0,0.0
'C2100602051',168,168,0,0.0
'C1249817283',168,168,0,0.0
'C1680347409',168,168,0,0.0
'C883803148',168,168,0,0.0
'C1591008232',168,168,0,0.0
'C564489242',168,168,0,0.0
'C1196579721',168,168,0,0.0
'C1093826151',167,167,0,0.0
'C1687101094',167,167,0,0.0
'C153419170',167,167,0,0.0
'C1771717627',167,167,0,0.0
'C131559770',167,167,0,0.0
'C142251484',167,167,0,0.0
'C655150548',167,167,0,0.0
'C564451627',167,167,0,0.0
'C1452020181',167,167,0,0.0
'C1475486134',167,167,0,0.0
'C130295904',167,167,0,0.0
'C1714676783',167,167,0,0.0
'C1559091388',167,167,0,0.0
'C251602943',167,167,0,0.0
'C612357573',167,167,0,0.0
'C823891015',167,167,0,0.0
'C662396672',167,167,0,0.0
'C1641760998',167,167,0,0.0
'C803065678',167,167,0,0.0
'C1355010178',167,167,0,0.0
'C800379810',167,167,0,0.0
'C1256073744',167,167,0,0.0
'C1642006830',167,167,0,0.0
'C1652856443',167,167,0,0.0
'C582022575',167,167,0,0.0
'C438957460',167,167,0,0.0
'C261768480',167,167,0,0.0
'C447509116',167,167,0,0.0
'C879614402',167,167,0,0.0
'C478715873',167,167,0,0.0
'C1392385769',167,167,0,0.0
'C22920054',167,167,0,0.0
'C1073155388',167,167,0,0.0
'C1768385310',167,167,0,0.0
'C1909782411',167,167,0,0.0
'C987955759',167,167,0,0.0
'C1039748502',167,167,0,0.0
'C198230909',167,167,0,0.0
'C116665031',167,167,0,0.0
'C1640022626',167,167,0,0.0
'C1224222502',167,167,0,0.0
'C1129461636',167,167,0,0.0
'C1513653440',167,167,0,0.0
'C365152877',167,167,0,0.0
'C131682780',167,167,0,0.0
'C2036557936',167,167,0,0.0
'C857032107',167,167,0,0.0
'C1862169273',167,167,0,0.0
'C76052944',167,167,0,0.0
'C1769359992',167,167,0,0.0
'C81568098',167,167,0,0.0
'C1628447668',167,167,0,0.0
'C1966502638',167,167,0,0.0
'C27152267',167,167,0,0.0
'C1007790716',167,167,0,0.0
'C1648096390',167,167,0,0.0
'C1174105749',167,167,0,0.0
'C1178005728',167,167,0,0.0
'C1239061472',167,167,0,0.0
'C1374607221',167,167,0,0.0
'C1893753407',167,167,0,0.0
'C728039227',167,167,0,0.0
'C1098443227',167,167,0,0.0
'C333185464',167,167,0,0.0
'C917831365',167,167,0,0.0
'C879949041',167,167,0,0.0
'C1074203200',167,167,0,0.0
'C135434041',167,167,0,0.0
'C1086957388',167,167,0,0.0
'C1023803355',167,167,0,0.0
'C1604376835',167,167,0,0.0
'C1844695541',167,167,0,0.0
'C1425719203',167,167,0,0.0
'C1954938610',167,167,0,0.0
'C722887134',167,167,0,0.0
'C2123693067',167,167,0,0.0
'C223315547',167,167,0,0.0
'C1584479959',167,167,0,0.0
'C1501156188',167,167,0,0.0
'C9169170',167,167,0,0.0
'C837113913',167,167,0,0.0
'C215334224',167,167,0,0.0
'C387520458',167,167,0,0.0
'C751786199',167,167,0,0.0
'C957771834',167,167,0,0.0
'C11116138',167,167,0,0.0
'C448362974',167,167,0,0.0
'C1014847580',167,167,0,0.0
'C1179833140',167,167,0,0.0
'C617179674',167,167,0,0.0
'C1440811710',167,167,0,0.0
'C1097812196',167,167,0,0.0
'C1177478758',167,167,0,0.0
'C1202857292',167,167,0,0.0
'C509546455',167,167,0,0.0
'C986553990',166,166,0,0.0
'C638163213',166,166,0,0.0
'C1156346576',166,166,0,0.0
'C603081336',166,166,0,0.0
'C916497516',166,166,0,0.0
'C662187574',166,166,0,0.0
'C1424475955',166,166,0,0.0
'C2038427935',166,166,0,0.0
'C177123752',166,166,0,0.0
'C1214229415',166,166,0,0.0
'C601235628',166,166,0,0.0
'C1556912476',166,166,0,0.0
'C566232847',166,166,0,0.0
'C745099746',166,166,0,0.0
'C2115574807',166,166,0,0.0
'C885081673',166,166,0,0.0
'C1899001756',166,166,0,0.0
'C717345438',166,166,0,0.0
'C1494778598',166,166,0,0.0
'C1697472909',166,166,0,0.0
'C1930258744',166,166,0,0.0
'C1117294574',166,166,0,0.0
'C566628469',166,166,0,0.0
'C1974668487',166,166,0,0.0
'C1763311989',166,166,0,0.0
'C1767929602',166,166,0,0.0
'C682298914',166,166,0,0.0
'C1527362143',166,166,0,0.0
'C407368472',166,166,0,0.0
'C1674674654',166,166,0,0.0
'C1698214137',166,166,0,0.0
'C325775693',166,166,0,0.0
'C1904086644',166,166,0,0.0
'C1562537029',166,166,0,0.0
'C966602067',166,166,0,0.0
'C1895811684',166,166,0,0.0
'C1063753312',166,166,0,0.0
'C1607867760',166,166,0,0.0
'C1799882713',166,166,0,0.0
'C550190826',166,166,0,0.0
'C350553475',166,166,0,0.0
'C686669439',166,166,0,0.0
'C1621267054',166,166,0,0.0
'C474891377',166,166,0,0.0
'C62153477',166,166,0,0.0
'C1148771999',166,166,0,0.0
'C1273564839',166,166,0,0.0
'C926583171',166,166,0,0.0
'C58432631',166,166,0,0.0
'C581878341',166,166,0,0.0
'C1953872129',166,166,0,0.0
'C1038733568',166,166,0,0.0
'C404247926',166,166,0,0.0
'C188367998',166,166,0,0.0
'C989137021',166,166,0,0.0
'C1722987449',166,166,0,0.0
'C1164613439',166,166,0,0.0
'C200511130',166,166,0,0.0
'C567616900',166,166,0,0.0
'C861930901',166,166,0,0.0
'C1396720108',166,166,0,0.0
'C830053540',166,166,0,0.0
'C908342050',166,166,0,0.0
'C1304621872',166,166,0,0.0
'C1510402289',166,166,0,0.0
'C1338020899',166,166,0,0.0
'C1690923384',166,166,0,0.0
'C455036670',166,166,0,0.0
'C1848884864',166,166,0,0.0
'C298468219',166,166,0,0.0
'C823141445',166,166,0,0.0
'C1487982242',166,166,0,0.0
'C143836998',166,166,0,0.0
'C389387421',166,166,0,0.0
'C319933645',166,166,0,0.0
'C71120756',166,166,0,0.0
'C1232356156',166,166,0,0.0
'C819978438',166,166,0,0.0
'C423454023',166,166,0,0.0
'C2109595609',166,166,0,0.0
'C1321889892',166,166,0,0.0
'C2115344024',166,166,0,0.0
'C866263389',166,166,0,0.0
'C1258454385',166,166,0,0.0
'C1741401017',166,166,0,0.0
'C586830923',166,166,0,0.0
'C896887653',165,165,0,0.0
'C1721541488',165,165,0,0.0
'C206074131',165,165,0,0.0
'C2042503226',165,165,0,0.0
'C1032715879',165,165,0,0.0
'C1808964355',165,165,0,0.0
'C956954767',165,165,0,0.0
'C294914134',165,165,0,0.0
'C151715772',165,165,0,0.0
'C986156699',165,165,0,0.0
'C2126946323',165,165,0,0.0
'C383368009',165,165,0,0.0
'C474894075',165,165,0,0.0
'C1499363341',165,165,0,0.0
'C763005836',165,165,0,0.0
'C1066456457',165,165,0,0.0
'C1299496226',165,165,0,0.0
'C1861439904',165,165,0,0.0
'C2110532720',165,165,0,0.0
'C277720476',165,165,0,0.0
'C1093060677',165,165,0,0.0
'C1189231170',165,165,0,0.0
'C871505790',165,165,0,0.0
'C514864285',165,165,0,0.0
'C171977183',165,165,0,0.0
'C429242189',165,165,0,0.0
'C2016890783',165,165,0,0.0
'C77415586',165,165,0,0.0
'C168579211',165,165,0,0.0
'C2136232396',165,165,0,0.0
'C1629152705',165,165,0,0.0
'C959023117',165,165,0,0.0
'C1846201961',165,165,0,0.0
'C208889378',165,165,0,0.0
'C1397554341',165,165,0,0.0
'C1196149230',165,165,0,0.0
'C752356138',165,165,0,0.0
'C274026379',165,165,0,0.0
'C1735920391',165,165,0,0.0
'C1744098311',165,165,0,0.0
'C2013871968',165,165,0,0.0
'C91915601',165,165,0,0.0
'C671392477',165,165,0,0.0
'C1855693993',165,165,0,0.0
'C83204562',165,165,0,0.0
'C911735174',165,165,0,0.0
'C1922022324',165,165,0,0.0
'C1739741081',165,165,0,0.0
'C1376617526',165,165,0,0.0
'C798657650',165,165,0,0.0
'C1904362781',165,165,0,0.0
'C1376957295',165,165,0,0.0
'C1014124305',165,165,0,0.0
'C682529129',165,165,0,0.0
'C899813705',165,165,0,0.0
'C191366309',165,165,0,0.0
'C1801270098',165,165,0,0.0
'C1469453217',165,165,0,0.0
'C1047374909',165,165,0,0.0
'C2044070952',165,165,0,0.0
'C299068475',165,165,0,0.0
'C1409858085',165,165,0,0.0
'C2066612191',165,165,0,0.0
'C70991061',165,165,0,0.0
'C1497367004',165,165,0,0.0
'C860156566',165,165,0,0.0
'C2033310172',165,165,0,0.0
'C1214964999',165,165,0,0.0
'C621230638',165,165,0,0.0
'C954636025',165,165,0,0.0
'C1385115265',165,165,0,0.0
'C1905396523',165,165,0,0.0
'C368299362',165,165,0,0.0
'C748216113',165,165,0,0.0
'C1033848759',165,165,0,0.0
'C1872803698',165,165,0,0.0
'C900235765',165,165,0,0.0
'C1130259702',164,164,0,0.0
'C648063518',164,164,0,0.0
'C949023995',164,164,0,0.0
'C1916796804',164,164,0,0.0
'C1807153148',164,164,0,0.0
'C713872230',164,164,0,0.0
'C656405809',164,164,0,0.0
'C344259725',164,164,0,0.0
'C1266329800',164,164,0,0.0
'C344248234',164,164,0,0.0
'C1089848865',164,164,0,0.0
'C1756466427',164,164,0,0.0
'C1750362802',164,164,0,0.0
'C2037169176',164,164,0,0.0
'C545527660',164,164,0,0.0
'C635603510',164,164,0,0.0
'C1646712119',164,164,0,0.0
'C1681976106',164,164,0,0.0
'C734397713',164,164,0,0.0
'C1823983599',164,164,0,0.0
'C775101977',164,164,0,0.0
'C1815981756',164,164,0,0.0
'C564473555',164,164,0,0.0
'C236106052',164,164,0,0.0
'C1510459992',164,164,0,0.0
'C1225717157',164,164,0,0.0
'C1207877529',164,164,0,0.0
'C1857140958',164,164,0,0.0
'C32640811',164,164,0,0.0
'C620327304',164,164,0,0.0
'C2058916086',164,164,0,0.0
'C1189367947',164,164,0,0.0
'C1754543106',164,164,0,0.0
'C1059534096',164,164,0,0.0
'C824676284',164,164,0,0.0
'C1793707767',164,164,0,0.0
'C1735092211',164,164,0,0.0
'C420348872',164,164,0,0.0
'C1145304322',164,164,0,0.0
'C1973203074',164,164,0,0.0
'C1676378077',164,164,0,0.0
'C117577408',164,164,0,0.0
'C1002759277',164,164,0,0.0
'C1090604904',164,164,0,0.0
'C1692355722',164,164,0,0.0
'C1713848243',164,164,0,0.0
'C1986443469',164,164,0,0.0
'C2068249421',164,164,0,0.0
'C2100825064',164,164,0,0.0
'C1718591511',164,164,0,0.0
'C88392294',164,164,0,0.0
'C1899061870',164,164,0,0.0
'C579648989',164,164,0,0.0
'C1622587363',164,164,0,0.0
'C121798652',164,164,0,0.0
'C1084672760',164,164,0,0.0
'C529952024',164,164,0,0.0
'C630392370',164,164,0,0.0
'C899895612',164,164,0,0.0
'C851417480',164,164,0,0.0
'C1043944424',164,164,0,0.0
'C1214826221',164,164,0,0.0
'C1551465414',163,163,0,0.0
'C1937615372',163,163,0,0.0
'C1813956515',163,163,0,0.0
'C2704357',163,163,0,0.0
'C1862556322',163,163,0,0.0
'C1615196201',163,163,0,0.0
'C1017469037',163,163,0,0.0
'C743791359',163,163,0,0.0
'C1486017704',163,163,0,0.0
'C1067165398',163,163,0,0.0
'C1158233054',163,163,0,0.0
'C25346278',163,163,0,0.0
'C1638268213',163,163,0,0.0
'C345640256',163,163,0,0.0
'C200459252',163,163,0,0.0
'C396716441',163,163,0,0.0
'C2078460335',163,163,0,0.0
'C1464030920',163,163,0,0.0
'C836424975',163,163,0,0.0
'C1350068848',163,163,0,0.0
'C923919564',163,163,0,0.0
'C369405043',163,163,0,0.0
'C1575099263',163,163,0,0.0
'C1135495199',163,163,0,0.0
'C701909142',163,163,0,0.0
'C1133451243',163,163,0,0.0
'C332229910',163,163,0,0.0
'C1083859927',163,163,0,0.0
'C1876642037',163,163,0,0.0
'C1418055040',163,163,0,0.0
'C1470676414',163,163,0,0.0
'C25759288',163,163,0,0.0
'C1377339988',163,163,0,0.0
'C1354917220',163,163,0,0.0
'C230488939',163,163,0,0.0
'C585290792',163,163,0,0.0
'C1705346216',163,163,0,0.0
'C1130847219',163,163,0,0.0
'C30374753',163,163,0,0.0
'C1147125608',163,163,0,0.0
'C1104967901',163,163,0,0.0
'C1986046665',163,163,0,0.0
'C911582672',163,163,0,0.0
'C545102882',163,163,0,0.0
'C52299933',163,163,0,0.0
'C1049957303',163,163,0,0.0
'C599960999',163,163,0,0.0
'C546927133',163,163,0,0.0
'C892943299',163,163,0,0.0
'C1563705147',162,162,0,0.0
'C1502804084',162,162,0,0.0
'C203427830',162,162,0,0.0
'C2063978670',162,162,0,0.0
'C210563051',162,162,0,0.0
'C2038018161',162,162,0,0.0
'C1299474405',162,162,0,0.0
'C476313806',162,162,0,0.0
'C1542255731',162,162,0,0.0
'C480961011',162,162,0,0.0
'C297351696',162,162,0,0.0
'C2049000934',162,162,0,0.0
'C1233802034',162,162,0,0.0
'C1893177739',162,162,0,0.0
'C318417129',162,162,0,0.0
'C1533572842',162,162,0,0.0
'C673048498',162,162,0,0.0
'C255691679',162,162,0,0.0
'C840928568',162,162,0,0.0
'C1526175877',162,162,0,0.0
'C26716153',162,162,0,0.0
'C1072166767',162,162,0,0.0
'C1248053373',162,162,0,0.0
'C420340345',162,162,0,0.0
'C692102449',162,162,0,0.0
'C1655680166',162,162,0,0.0
'C2083329818',162,162,0,0.0
'C135716487',162,162,0,0.0
'C369115109',162,162,0,0.0
'C944367934',162,162,0,0.0
'C741739992',162,162,0,0.0
'C2007253908',162,162,0,0.0
'C44197733',162,162,0,0.0
'C1004109477',162,162,0,0.0
'C1149495561',162,162,0,0.0
'C2123823248',162,162,0,0.0
'C2066736149',162,162,0,0.0
'C176392439',162,162,0,0.0
'C1690594556',162,162,0,0.0
'C59433821',162,162,0,0.0
'C1797237747',162,162,0,0.0
'C285306155',162,162,0,0.0
'C1941625566',161,161,0,0.0
'C1187730955',161,161,0,0.0
'C734817849',161,161,0,0.0
'C856318696',161,161,0,0.0
'C1969430351',161,161,0,0.0
'C175698222',161,161,0,0.0
'C1886601622',161,161,0,0.0
'C1433132752',161,161,0,0.0
'C10745331',161,161,0,0.0
'C300112558',161,161,0,0.0
'C1508025585',161,161,0,0.0
'C1420603517',161,161,0,0.0
'C1375103798',161,161,0,0.0
'C155920620',161,161,0,0.0
'C2132916640',161,161,0,0.0
'C1309194397',161,161,0,0.0
'C1815278899',161,161,0,0.0
'C1278181986',161,161,0,0.0
'C2108669396',161,161,0,0.0
'C260840933',161,161,0,0.0
'C970603000',161,161,0,0.0
'C686064678',161,161,0,0.0
'C729168812',161,161,0,0.0
'C1169655012',161,161,0,0.0
'C1648056680',161,161,0,0.0
'C1798653291',161,161,0,0.0
'C809674942',161,161,0,0.0
'C1582197917',161,161,0,0.0
'C1558209795',161,161,0,0.0
'C959506480',161,161,0,0.0
'C1187979419',161,161,0,0.0
'C546328029',161,161,0,0.0
'C354971512',161,161,0,0.0
'C185428348',161,161,0,0.0
'C1156509589',161,161,0,0.0
'C1720950881',161,161,0,0.0
'C638917294',161,161,0,0.0
'C1389923471',161,161,0,0.0
'C1477499235',161,161,0,0.0
'C1656946498',161,161,0,0.0
'C2029865097',161,161,0,0.0
'C1292140369',161,161,0,0.0
'C1374422827',161,161,0,0.0
'C438541016',161,161,0,0.0
'C1304286493',161,161,0,0.0
'C970538683',161,161,0,0.0
'C2042324703',161,161,0,0.0
'C677660361',161,161,0,0.0
'C1549322511',161,161,0,0.0
'C1275741147',160,160,0,0.0
'C1990073844',160,160,0,0.0
'C105013970',160,160,0,0.0
'C286580355',160,160,0,0.0
'C488606576',160,160,0,0.0
'C1078619612',160,160,0,0.0
'C192974759',160,160,0,0.0
'C30024621',160,160,0,0.0
'C1347371891',160,160,0,0.0
'C445432762',160,160,0,0.0
'C620551378',160,160,0,0.0
'C1645168081',160,160,0,0.0
'C2111849765',160,160,0,0.0
'C2062758473',160,160,0,0.0
'C1495681901',160,160,0,0.0
'C985732014',160,160,0,0.0
'C725307945',160,160,0,0.0
'C1819751403',160,160,0,0.0
'C1517820871',160,160,0,0.0
'C2094478222',160,160,0,0.0
'C442137737',160,160,0,0.0
'C1945520078',160,160,0,0.0
'C1853277977',160,160,0,0.0
'C543938207',160,160,0,0.0
'C759264122',160,160,0,0.0
'C1628225593',160,160,0,0.0
'C307655955',160,160,0,0.0
'C964635168',160,160,0,0.0
'C1896147467',160,160,0,0.0
'C1060018471',160,160,0,0.0
'C1472579779',160,160,0,0.0
'C1684213034',160,160,0,0.0
'C1806963277',160,160,0,0.0
'C1793075309',160,160,0,0.0
'C892313955',160,160,0,0.0
'C1043282651',160,160,0,0.0
'C874655320',160,160,0,0.0
'C1545341907',160,160,0,0.0
'C1794686407',160,160,0,0.0
'C2143703121',160,160,0,0.0
'C1118984324',160,160,0,0.0
'C961738915',160,160,0,0.0
'C1679796651',160,160,0,0.0
'C1622124632',159,159,0,0.0
'C1698653726',159,159,0,0.0
'C1999090638',159,159,0,0.0
'C1633477199',159,159,0,0.0
'C1614239388',159,159,0,0.0
'C772895850',159,159,0,0.0
'C663226052',159,159,0,0.0
'C1274818444',159,159,0,0.0
'C1035222482',159,159,0,0.0
'C1657987748',159,159,0,0.0
'C1528848756',159,159,0,0.0
'C1404589205',159,159,0,0.0
'C495124555',159,159,0,0.0
'C2068909690',159,159,0,0.0
'C1860775846',159,159,0,0.0
'C144783459',159,159,0,0.0
'C59713083',159,159,0,0.0
'C1214628974',159,159,0,0.0
'C238779431',159,159,0,0.0
'C1358225719',159,159,0,0.0
'C1755124222',159,159,0,0.0
'C901739086',159,159,0,0.0
'C1644291222',159,159,0,0.0
'C2095181585',159,159,0,0.0
'C389281305',159,159,0,0.0
'C2070292195',159,159,0,0.0
'C1996249538',158,158,0,0.0
'C1560259762',158,158,0,0.0
'C56197730',158,158,0,0.0
'C485578112',158,158,0,0.0
'C769422228',158,158,0,0.0
'C158319863',158,158,0,0.0
'C39607150',158,158,0,0.0
'C233548839',158,158,0,0.0
'C2074365962',158,158,0,0.0
'C309780280',158,158,0,0.0
'C1049562739',158,158,0,0.0
'C602373594',158,158,0,0.0
'C1570165892',158,158,0,0.0
'C592766342',158,158,0,0.0
'C588841669',158,158,0,0.0
'C1923131377',158,158,0,0.0
'C374053775',158,158,0,0.0
'C1474149613',158,158,0,0.0
'C1020355960',158,158,0,0.0
'C1374011975',158,158,0,0.0
'C1606614105',158,158,0,0.0
'C1768220463',158,158,0,0.0
'C1790426542',158,158,0,0.0
'C1377736719',157,157,0,0.0
'C1210957250',157,157,0,0.0
'C2134625729',157,157,0,0.0
'C1364381627',157,157,0,0.0
'C1666444221',157,157,0,0.0
'C489185823',157,157,0,0.0
'C1050807234',157,157,0,0.0
'C1048694975',157,157,0,0.0
'C200882642',157,157,0,0.0
'C1567160901',157,157,0,0.0
'C1809945143',157,157,0,0.0
'C597262762',157,157,0,0.0
'C1229674572',157,157,0,0.0
'C1902378891',157,157,0,0.0
'C338456981',157,157,0,0.0
'C1238891395',157,157,0,0.0
'C1454930581',157,157,0,0.0
'C608244416',157,157,0,0.0
'C138445718',157,157,0,0.0
'C1956908177',157,157,0,0.0
'C662931726',156,156,0,0.0
'C1987405562',156,156,0,0.0
'C1373973501',156,156,0,0.0
'C737765767',156,156,0,0.0
'C747353905',156,156,0,0.0
'C1882920635',156,156,0,0.0
'C1783206868',156,156,0,0.0
'C530747890',156,156,0,0.0
'C1034685704',156,156,0,0.0
'C1809615650',156,156,0,0.0
'C123366357',156,156,0,0.0
'C728864298',156,156,0,0.0
'C1433318702',156,156,0,0.0
'C805014659',156,156,0,0.0
'C1677624934',156,156,0,0.0
'C1246760376',156,156,0,0.0
'C1077245673',156,156,0,0.0
'C497246334',156,156,0,0.0
'C1825783439',156,156,0,0.0
'C98687952',156,156,0,0.0
'C1362863442',156,156,0,0.0
'C1139944236',156,156,0,0.0
'C259158925',156,156,0,0.0
'C5377162',156,156,0,0.0
'C1887082660',156,156,0,0.0
'C1538971214',156,156,0,0.0
'C546957379',155,155,0,0.0
'C1325638360',155,155,0,0.0
'C951660772',155,155,0,0.0
'C1610467120',155,155,0,0.0
'C2134399963',155,155,0,0.0
'C975211427',155,155,0,0.0
'C1903856065',155,155,0,0.0
'C450584964',155,155,0,0.0
'C323996741',155,155,0,0.0
'C628232611',155,155,0,0.0
'C1396978257',155,155,0,0.0
'C1100337763',155,155,0,0.0
'C324262354',155,155,0,0.0
'C1417312384',155,155,0,0.0
'C1828122',155,155,0,0.0
'C363287468',155,155,0,0.0
'C610735261',155,155,0,0.0
'C2020967123',155,155,0,0.0
'C1239154010',155,155,0,0.0
'C1143297842',155,155,0,0.0
'C1425441042',154,154,0,0.0
'C1320820565',154,154,0,0.0
'C1342118588',154,154,0,0.0
'C669906110',154,154,0,0.0
'C7197142',154,154,0,0.0
'C503124737',154,154,0,0.0
'C1431362064',154,154,0,0.0
'C804094956',154,154,0,0.0
'C1900716037',154,154,0,0.0
'C2005093875',154,154,0,0.0
'C1263267362',154,154,0,0.0
'C623466885',154,154,0,0.0
'C1453275851',154,154,0,0.0
'C573965612',154,154,0,0.0
'C1658450442',154,154,0,0.0
'C1825851538',153,153,0,0.0
'C1884342559',153,153,0,0.0
'C16791543',153,153,0,0.0
'C1282628311',153,153,0,0.0
'C169255115',153,153,0,0.0
'C1827713539',153,153,0,0.0
'C451189693',153,153,0,0.0
'C1321650743',153,153,0,0.0
'C819388154',153,153,0,0.0
'C878904462',153,153,0,0.0
'C54706398',153,153,0,0.0
'C98707741',152,152,0,0.0
'C1341662543',152,152,0,0.0
'C787259637',152,152,0,0.0
'C695481887',152,152,0,0.0
'C1437099450',152,152,0,0.0
'C145230032',152,152,0,0.0
'C137986193',152,152,0,0.0
'C1816813783',152,152,0,0.0
'C116386695',152,152,0,0.0
'C59149030',152,152,0,0.0
'C1516302826',152,152,0,0.0
'C257664421',152,152,0,0.0
'C2003246685',152,152,0,0.0
'C1580712621',152,152,0,0.0
'C1208123566',152,152,0,0.0
'C968861433',152,152,0,0.0
'C1351458855',152,152,0,0.0
'C1878030169',152,152,0,0.0
'C96868586',152,152,0,0.0
'C743934970',152,152,0,0.0
'C1960866892',151,151,0,0.0
'C800967034',151,151,0,0.0
'C188084843',151,151,0,0.0
'C168361707',151,151,0,0.0
'C1962882634',151,151,0,0.0
'C323226584',151,151,0,0.0
'C1196808546',151,151,0,0.0
'C1543709139',151,151,0,0.0
'C746599731',151,151,0,0.0
'C1579865062',151,151,0,0.0
'C644344959',151,151,0,0.0
'C1152835627',151,151,0,0.0
'C1108226372',151,151,0,0.0
'C282483842',150,150,0,0.0
'C962830776',150,150,0,0.0
'C298317613',150,150,0,0.0
'C1192557067',150,150,0,0.0
'C1598533502',150,150,0,0.0
'C2112350124',150,150,0,0.0
'C841817769',150,150,0,0.0
'C1216409727',149,149,0,0.0
'C34676686',149,149,0,0.0
'C1808704110',149,149,0,0.0
'C803365419',149,149,0,0.0
'C722447556',149,149,0,0.0
'C247656929',149,149,0,0.0
'C1949469724',149,149,0,0.0
'C459595150',149,149,0,0.0
'C285513182',149,149,0,0.0
'C1492110515',149,149,0,0.0
'C1654186046',149,149,0,0.0
'C1171394321',149,149,0,0.0
'C1577880868',149,149,0,0.0
'C21207783',149,149,0,0.0
'C1043677034',149,149,0,0.0
'C1855266571',149,149,0,0.0
'C1216867117',149,149,0,0.0
'C87697988',149,149,0,0.0
'C83613815',148,148,0,0.0
'C923875417',148,148,0,0.0
'C1913127981',148,148,0,0.0
'C467035555',148,148,0,0.0
'C306854291',148,148,0,0.0
'C598452144',148,148,0,0.0
'C232299558',148,148,0,0.0
'C145901862',148,148,0,0.0
'C1911232863',148,148,0,0.0
'C282411136',148,148,0,0.0
'C288613043',148,148,0,0.0
'C876777476',148,148,0,0.0
'C604267980',148,148,0,0.0
'C1158752013',148,148,0,0.0
'C648467088',148,148,0,0.0
'C783259685',148,148,0,0.0
'C144168365',148,148,0,0.0
'C39858251',147,147,0,0.0
'C450845582',147,147,0,0.0
'C1060120913',147,147,0,0.0
'C1971105040',147,147,0,0.0
'C227554892',147,147,0,0.0
'C295094185',147,147,0,0.0
'C790593937',147,147,0,0.0
'C1651213581',147,147,0,0.0
'C676156739',147,147,0,0.0
'C1984083185',147,147,0,0.0
'C843083567',147,147,0,0.0
'C1891401770',146,146,0,0.0
'C1519265307',146,146,0,0.0
'C1529464275',146,146,0,0.0
'C727658706',146,146,0,0.0
'C1677202028',146,146,0,0.0
'C1631162170',146,146,0,0.0
'C1453715655',146,146,0,0.0
'C927830595',146,146,0,0.0
'C757503768',145,145,0,0.0
'C364273844',145,145,0,0.0
'C2016264883',145,145,0,0.0
'C34104097',145,145,0,0.0
'C24691837',145,145,0,0.0
'C1178726445',145,145,0,0.0
'C210318225',145,145,0,0.0
'C1135201785',145,145,0,0.0
'C1995039136',145,145,0,0.0
'C150523972',145,145,0,0.0
'C36546691',144,144,0,0.0
'C1085689043',144,144,0,0.0
'C1806256044',144,144,0,0.0
'C1566647188',144,144,0,0.0
'C1895615571',144,144,0,0.0
'C1114685649',144,144,0,0.0
'C535324444',144,144,0,0.0
'C1018653381',144,144,0,0.0
'C508633218',144,144,0,0.0
'C864134074',144,144,0,0.0
'C742393642',144,144,0,0.0
'C113294083',144,144,0,0.0
'C1692967183',143,143,0,0.0
'C61142824',143,143,0,0.0
'C463841109',143,143,0,0.0
'C98014803',143,143,0,0.0
'C1511894714',143,143,0,0.0
'C805469502',142,142,0,0.0
'C378899672',142,142,0,0.0
'C38251321',142,142,0,0.0
'C1762043633',142,142,0,0.0
'C1133298590',142,142,0,0.0
'C1480064437',142,142,0,0.0
'C755615643',142,142,0,0.0
'C424790668',142,142,0,0.0
'C1575367607',142,142,0,0.0
'C1949440316',142,142,0,0.0
'C2145337724',142,142,0,0.0
'C1340235335',141,141,0,0.0
'C1690793519',141,141,0,0.0
'C1369559766',141,141,0,0.0
'C388262831',141,141,0,0.0
'C17359646',141,141,0,0.0
'C802590979',141,141,0,0.0
'C1639665156',141,141,0,0.0
'C1389003663',141,141,0,0.0
'C1098012335',141,141,0,0.0
'C1491518488',141,141,0,0.0
'C1648543319',141,141,0,0.0
'C1056640661',141,141,0,0.0
'C2026269026',140,140,0,0.0
'C867847701',140,140,0,0.0
'C770308839',140,140,0,0.0
'C1187353931',140,140,0,0.0
'C90150703',140,140,0,0.0
'C93241312',140,140,0,0.0
'C976232384',140,140,0,0.0
'C2014729870',140,140,0,0.0
'C923543549',140,140,0,0.0
'C2032185280',140,140,0,0.0
'C966335674',139,139,0,0.0
'C64700533',139,139,0,0.0
'C1067668919',139,139,0,0.0
'C1706918687',139,139,0,0.0
'C1467731939',139,139,0,0.0
'C320158645',138,138,0,0.0
'C1634492186',138,138,0,0.0
'C146494822',138,138,0,0.0
'C1971497679',138,138,0,0.0
'C510046708',138,138,0,0.0
'C1897566795',138,138,0,0.0
'C739732151',138,138,0,0.0
'C133764711',138,138,0,0.0
'C1079965849',138,138,0,0.0
'C484986935',138,138,0,0.0
'C1715139',138,138,0,0.0
'C1890191192',138,138,0,0.0
'C1952040134',137,137,0,0.0
'C179748485',137,137,0,0.0
'C895429374',137,137,0,0.0
'C480118707',137,137,0,0.0
'C1586463432',137,137,0,0.0
'C899638721',137,137,0,0.0
'C617323407',137,137,0,0.0
'C312072263',137,137,0,0.0
'C1533000663',137,137,0,0.0
'C419754917',137,137,0,0.0
'C677202538',137,137,0,0.0
'C1505370540',137,137,0,0.0
'C1927849279',137,137,0,0.0
'C182918114',136,136,0,0.0
'C1802570035',136,136,0,0.0
'C749077907',136,136,0,0.0
'C497553923',136,136,0,0.0
'C447373253',136,136,0,0.0
'C714086473',136,136,0,0.0
'C11668910',136,136,0,0.0
'C1228110352',136,136,0,0.0
'C607766298',136,136,0,0.0
'C563214866',136,136,0,0.0
'C441989517',135,135,0,0.0
'C212188289',135,135,0,0.0
'C2113973089',135,135,0,0.0
'C1816212551',135,135,0,0.0
'C513710252',135,135,0,0.0
'C1620825260',135,135,0,0.0
'C346428597',135,135,0,0.0
'C1648145906',135,135,0,0.0
'C1353776547',134,134,0,0.0
'C2114634161',134,134,0,0.0
'C1456179400',134,134,0,0.0
'C2033826237',134,134,0,0.0
'C119274188',134,134,0,0.0
'C1771632349',134,134,0,0.0
'C1732609230',134,134,0,0.0
'C1341159565',134,134,0,0.0
'C1914083426',134,134,0,0.0
'C1810630647',133,133,0,0.0
'C1091680547',133,133,0,0.0
'C574852748',133,133,0,0.0
'C1642222517',133,133,0,0.0
'C1353625448',133,133,0,0.0
'C1116417172',133,133,0,0.0
'C1778512686',133,133,0,0.0
'C823286801',132,132,0,0.0
'C58668191',132,132,0,0.0
'C571527976',132,132,0,0.0
'C278409847',132,132,0,0.0
'C1931570160',132,132,0,0.0
'C1491288577',132,132,0,0.0
'C1461183154',132,132,0,0.0
'C475831512',131,131,0,0.0
'C1690998552',131,131,0,0.0
'C47462628',131,131,0,0.0
'C335592096',131,131,0,0.0
'C1495486273',131,131,0,0.0
'C120279480',131,131,0,0.0
'C359221218',131,131,0,0.0
'C1002658784',131,131,0,0.0
'C1140809068',130,130,0,0.0
'C1316936887',130,130,0,0.0
'C396866523',130,130,0,0.0
'C1679033854',129,129,0,0.0
'C533940472',129,129,0,0.0
'C343982358',129,129,0,0.0
'C1440474435',129,129,0,0.0
'C512783217',129,129,0,0.0
'C964866248',129,129,0,0.0
'C1457092141',128,128,0,0.0
'C1095087737',128,128,0,0.0
'C1359092613',128,128,0,0.0
'C1960578141',128,128,0,0.0
'C1073067421',128,128,0,0.0
'C1461258616',127,127,0,0.0
'C1806422891',127,127,0,0.0
'C480669012',127,127,0,0.0
'C384136428',127,127,0,0.0
'C1107580024',127,127,0,0.0
'C1249352100',126,126,0,0.0
'C2141677873',126,126,0,0.0
'C413455659',126,126,0,0.0
'C725094717',126,126,0,0.0
'C2130871815',126,126,0,0.0
'C1842441894',125,125,0,0.0
'C996326258',125,125,0,0.0
'C1728997564',125,125,0,0.0
'C1827331929',125,125,0,0.0
'C226835436',125,125,0,0.0
'C1129111658',124,124,0,0.0
'C1191832390',124,124,0,0.0
'C311188483',124,124,0,0.0
'C423250256',124,124,0,0.0
'C1427539236',124,124,0,0.0
'C282166299',124,124,0,0.0
'C1688560702',124,124,0,0.0
'C2094361013',124,124,0,0.0
'C1215446912',124,124,0,0.0
'C47208933',123,123,0,0.0
'C871962456',123,123,0,0.0
'C306839491',123,123,0,0.0
'C255059556',123,123,0,0.0
'C1309403692',123,123,0,0.0
'C383709704',123,123,0,0.0
'C342410301',123,123,0,0.0
'C805483863',122,122,0,0.0
'C784763814',122,122,0,0.0
'C1844993068',122,122,0,0.0
'C662015024',122,122,0,0.0
'C1807452084',122,122,0,0.0
'C1977780197',122,122,0,0.0
'C2012722039',122,122,0,0.0
'C1980127627',121,121,0,0.0
'C115986226',121,121,0,0.0
'C616528518',120,120,0,0.0
'C1387946894',120,120,0,0.0
'C952397244',120,120,0,0.0
'C1237272991',120,120,0,0.0
'C1930072075',120,120,0,0.0
'C1127607634',120,120,0,0.0
'C811638781',120,120,0,0.0
'C693907036',120,120,0,0.0
'C1318366224',120,120,0,0.0
'C450949430',119,119,0,0.0
'C1020192133',119,119,0,0.0
'C989321907',119,119,0,0.0
'C1791750813',119,119,0,0.0
'C507185945',118,118,0,0.0
'C166353588',118,118,0,0.0
'C1174217921',118,118,0,0.0
'C6433096',118,118,0,0.0
'C1375512856',118,118,0,0.0
'C221508235',118,118,0,0.0
'C1555447628',118,118,0,0.0
'C767740583',117,117,0,0.0
'C226102422',117,117,0,0.0
'C1543555122',117,117,0,0.0
'C167378624',117,117,0,0.0
'C572709519',116,116,0,0.0
'C920335350',116,116,0,0.0
'C1293338653',116,116,0,0.0
'C717773873',115,115,0,0.0
'C5748649',115,115,0,0.0
'C285580881',115,115,0,0.0
'C1575272013',115,115,0,0.0
'C1193582671',115,115,0,0.0
'C1651034737',115,115,0,0.0
'C371877246',114,114,0,0.0
'C1133386558',114,114,0,0.0
'C1415704373',113,113,0,0.0
'C777438443',113,113,0,0.0
'C1683471006',113,113,0,0.0
'C515794745',113,113,0,0.0
'C499129070',112,112,0,0.0
'C1326593353',112,112,0,0.0
'C1699102063',112,112,0,0.0
'C59263760',112,112,0,0.0
'C353418507',112,112,0,0.0
'C131423135',112,112,0,0.0
'C1192754222',112,112,0,0.0
'C881776576',112,112,0,0.0
'C652364872',111,111,0,0.0
'C1911908507',111,111,0,0.0
'C2048667042',111,111,0,0.0
'C313266037',111,111,0,0.0
'C206106585',111,111,0,0.0
'C478503155',111,111,0,0.0
'C1602648292',110,110,0,0.0
'C2073207955',110,110,0,0.0
'C1414374774',110,110,0,0.0
'C412473162',110,110,0,0.0
'C1818893825',110,110,0,0.0
'C1535613790',109,109,0,0.0
'C707360147',109,109,0,0.0
'C1435653171',109,109,0,0.0
'C1714385979',109,109,0,0.0
'C1237709469',109,109,0,0.0
'C358247377',109,109,0,0.0
'C2080100346',109,109,0,0.0
'C1113166893',109,109,0,0.0
'C619451848',108,108,0,0.0
'C382004679',108,108,0,0.0
'C1355357191',108,108,0,0.0
'C189483600',108,108,0,0.0
'C1582152156',107,107,0,0.0
'C1400578246',107,107,0,0.0
'C105845174',106,106,0,0.0
'C1436756684',106,106,0,0.0
'C892586401',106,106,0,0.0
'C827350474',106,106,0,0.0
'C560478089',105,105,0,0.0
'C380082625',105,105,0,0.0
'C1403935304',105,105,0,0.0
'C1915276731',104,104,0,0.0
'C625569664',104,104,0,0.0
'C469822988',104,104,0,0.0
'C762865358',104,104,0,0.0
'C1995719338',103,103,0,0.0
'C1945950459',103,103,0,0.0
'C445178285',102,102,0,0.0
'C220694569',101,101,0,0.0
'C1612487865',101,101,0,0.0
'C1547003161',101,101,0,0.0
'C20027851',101,101,0,0.0
'C2134043204',100,100,0,0.0
'C1199767081',100,100,0,0.0
'C744066701',100,100,0,0.0
'C179648560',100,100,0,0.0
'C1701939629',100,100,0,0.0
'C1284214182',100,100,0,0.0
'C744126786',99,99,0,0.0
'C939437404',99,99,0,0.0
'C477892356',99,99,0,0.0
'C548427290',98,98,0,0.0
'C321375878',98,98,0,0.0
'C102256008',98,98,0,0.0
'C629808856',97,97,0,0.0
'C1153792315',97,97,0,0.0
'C1297329735',97,97,0,0.0
'C1808415473',97,97,0,0.0
'C521129957',96,96,0,0.0
'C788955662',95,95,0,0.0
'C1319350044',95,95,0,0.0
'C1966964007',95,95,0,0.0
'C642158646',95,95,0,0.0
'C149511515',95,95,0,0.0
'C1008918174',95,95,0,0.0
'C2065544312',95,95,0,0.0
'C531109799',95,95,0,0.0
'C1000699316',94,94,0,0.0
'C426715237',94,94,0,0.0
'C1761368684',93,93,0,0.0
'C529135239',93,93,0,0.0
'C835284421',92,92,0,0.0
'C1640437529',92,92,0,0.0
'C2112751068',92,92,0,0.0
'C469767739',91,91,0,0.0
'C363006417',91,91,0,0.0
'C1400128034',91,91,0,0.0
'C1480367576',90,90,0,0.0
'C877773949',90,90,0,0.0
'C869394149',89,89,0,0.0
'C1163804561',89,89,0,0.0
'C1325422547',89,89,0,0.0
'C2056015074',89,89,0,0.0
'C757234945',89,89,0,0.0
'C1351087312',89,89,0,0.0
'C158030246',88,88,0,0.0
'C1747513604',88,88,0,0.0
'C1898673978',88,88,0,0.0
'C350626061',88,88,0,0.0
'C300052027',85,85,0,0.0
'C1940107136',85,85,0,0.0
'C1897708405',85,85,0,0.0
'C824256643',85,85,0,0.0
'C1267410030',85,85,0,0.0
'C995235283',85,85,0,0.0
'C1670779713',83,83,0,0.0
'C1117259261',83,83,0,0.0
'C522845009',83,83,0,0.0
'C606518659',82,82,0,0.0
'C1004532392',82,82,0,0.0
'C1271484467',81,81,0,0.0
'C642324097',81,81,0,0.0
'C929298953',81,81,0,0.0
'C1535419154',80,80,0,0.0
'C1337948674',79,79,0,0.0
'C2083017854',79,79,0,0.0
'C718589253',79,79,0,0.0
'C514238360',78,78,0,0.0
'C664109131',78,78,0,0.0
'C642583859',78,78,0,0.0
'C591563666',78,78,0,0.0
'C256152889',77,77,0,0.0
'C758426828',77,77,0,0.0
'C1374783350',76,76,0,0.0
'C438204842',76,76,0,0.0
'C1088853847',76,76,0,0.0
'C15485686',76,76,0,0.0
'C1329920992',75,75,0,0.0
'C1014783484',74,74,0,0.0
'C1965708710',73,73,0,0.0
'C947315968',71,71,0,0.0
'C2046826424',71,71,0,0.0
'C2140112247',68,68,0,0.0
'C2131498052',67,67,0,0.0
'C983636862',67,67,0,0.0
'C441400844',67,67,0,0.0
'C85192293',66,66,0,0.0
'C2054744914',65,65,0,0.0
'C1564253251',64,64,0,0.0
'C1642125108',63,63,0,0.0
'C586110529',61,61,0,0.0
'C823680818',58,58,0,0.0
'C2076671849',58,58,0,0.0
'C537330939',57,57,0,0.0
'C1890466358',55,55,0,0.0
'C411390898',54,54,0,0.0
'C2031701237',52,52,0,0.0
'C1434012857',50,50,0,0.0
'C1624198560',50,50,0,0.0
'C1758950662',47,47,0,0.0
'C263788122',45,45,0,0.0
'C409317605',45,45,0,0.0
'C1238755034',44,44,0,0.0
'C450299456',41,41,0,0.0
'C1884908595',40,40,0,0.0
'C843458267',40,40,0,0.0
'C1607644979',39,39,0,0.0
'C521595859',35,35,0,0.0
'C1461183743',34,34,0,0.0
'C277079859',34,34,0,0.0
'C1423633034',34,34,0,0.0
'C1791347994',33,33,0,0.0
'C909053762',32,32,0,0.0
'C810336569',26,26,0,0.0
'C825610448',26,26,0,0.0
'C1540577903',24,24,0,0.0
'C783189419',23,23,0,0.0
'C1966364075',22,22,0,0.0
'C1065812935',20,20,0,0.0
'C1751458006',20,20,0,0.0
'C671449181',19,19,0,0.0
'C264950364',19,19,0,0.0
'C738091100',15,15,0,0.0
'C1897792872',14,14,0,0.0
'C511635087',14,14,0,0.0
'C1822295676',12,12,0,0.0
'C510795907',11,11,0,0.0
'C181413412',10,10,0,0.0
'C710270523',10,10,0,0.0
'C130979586',9,9,0,0.0
'C1924305208',7,7,0,0.0
